element_type,osmid,amenity,name,name:en,name:zh,operator,operator:wikipedia,geometry,addr:housenumber,access,wheelchair,nodes,air_conditioning,bar,building,cuisine,fast_food,name:zh-Hans,name:zh-Hant,outdoor_seating,smoking,takeaway,addr:street,building:levels,addr:city,highchair,reservation,toilets,fee,leisure,lit,sport,operator:type,layer,alt_name,internet_access,internet_access:fee,name:ja,name:ko,delivery,man_made,official_name,emergency,healthcare,tourism,addr:place,building:levels:underground,addr:postcode,department,faculty,architect,disused,description,wikidata,wikipedia,museum,shop,office,ways,type,addr:province,elevator
way,33432033,restaurant,观畴园餐厅,Guanchouyuan Cafeteria,观畴园餐厅,,,"POLYGON ((116.3157752 40.0053187, 116.3165643 40.0053592, 116.3165206 40.0058578, 116.3157315 40.0058173, 116.3157752 40.0053187))",,,yes,"[380421942, 380421945, 380421944, 380421943, 380421942]",yes,no,yes,chinese,cafeteria,观畴园餐厅,觀疇園餐廳,no,no,yes,,,,,,,,,,,,,,,,,,,,,,,,,,,,,,,,,,,,,,,,
way,33457842,,大礼堂,Auditorium,大礼堂,,,"POLYGON ((116.3181014 40.0023469, 116.3180884 40.0025345, 116.3181391 40.0025366, 116.3181324 40.0026348, 116.3183635 40.0026442, 116.3183704 40.0025431, 116.3184392 40.0025459, 116.3184518 40.0023629, 116.3184039 40.002361, 116.3184117 40.0022478, 116.3181633 40.0022377, 116.3181556 40.0023491, 116.3181014 40.0023469))",45-1,,,"[380745924, 5032212412, 380745926, 5032212411, 5032212410, 380745928, 5032212413, 380745929, 5032212417, 5032212416, 5032212415, 5032212414, 380745924]",,,yes,,,大礼堂,大禮堂,,,,成府路,,,,,,,,,,,,,,,,,,,,,,,,,,,,,,,,,,,,,,,
way,79696955,,紫荆学生公寓9号楼,Zijing Student Dormitory No. 9,紫荆学生公寓9号楼,清华大学,,"POLYGON ((116.322918 40.0103071, 116.3229277 40.0101197, 116.323907 40.0101494, 116.3238973 40.0103368, 116.322918 40.0103071))",,,yes,"[930076136, 930076138, 930076140, 930076142, 930076136]",,,dormitory,,,紫荆学生公寓9号楼,紫荊學生公寓9號樓,,no,,,7,,,,,,,,,,,,,,,,,,,,,,,,,,,,,,,,,,,,,,
way,79696956,,紫荆学生公寓10号楼,Zijing Student Dormitory No. 10,紫荆学生公寓10号楼,清华大学,,"POLYGON ((116.3231908 40.0105366, 116.3238936 40.010563, 116.3238827 40.0107338, 116.3231799 40.0107075, 116.3231908 40.0105366))",,,yes,"[930076145, 930076146, 930076147, 930076148, 930076145]",,,dormitory,,,紫荆学生公寓10号楼,紫荊學生公寓10號樓,,no,,,7,,,,,,,,,,,,,,,,,,,,,,,,,,,,,,,,,,,,,,
way,79696957,,紫荆学生公寓11号楼,Zijing Student Dormitory No. 11,紫荆学生公寓11号楼,清华大学,,"POLYGON ((116.3241249 40.0097371, 116.3253717 40.0097799, 116.3253604 40.0099733, 116.3241136 40.0099305, 116.3241249 40.0097371))",,,yes,"[930076150, 930076152, 930076153, 930076156, 930076150]",,,dormitory,,,紫荆学生公寓11号楼,紫荊學生公寓11號樓,,no,,,7,,,,,,,,,,,,,,,,,,,,,,,,,,,,,,,,,,,,,,
way,79696958,,紫荆学生公寓12号楼,Zijing Student Dormitory No. 12,紫荆学生公寓12号楼,清华大学,,"POLYGON ((116.3240911 40.0101569, 116.3249836 40.0101899, 116.3249716 40.0103807, 116.3240791 40.0103477, 116.3240911 40.0101569))",,,yes,"[930076161, 930076164, 930076167, 930076168, 930076161]",,,dormitory,,,紫荆学生公寓12号楼,紫荊學生公寓12號樓,,no,,,7,,,,,,,,,,,,,,,,,,,,,,,,,,,,,,,,,,,,,,
way,79696959,,紫荆学生公寓13号楼,Zijing Student Dormitory No. 13,紫荆学生公寓13号楼,清华大学,,"POLYGON ((116.3240528 40.0105577, 116.3245874 40.0105805, 116.3245745 40.0107579, 116.32404 40.0107352, 116.3240528 40.0105577))",,,yes,"[930076171, 930076172, 930076174, 930076175, 930076171]",,,dormitory,,,紫荆学生公寓13号楼,紫荊學生公寓13號樓,,no,,,7,,,,,,,,,,,,,,,,,,,,,,,,,,,,,,,,,,,,,,
way,79696964,,紫荆学生公寓4号楼,Zijing Student Dormitory No. 4,紫荆学生公寓4号楼,清华大学,,"POLYGON ((116.3212377 40.0089963, 116.3219595 40.0096795, 116.322437 40.0096918, 116.3224337 40.0098722, 116.3218477 40.009862, 116.3210549 40.0091147, 116.3212377 40.0089963))",,,yes,"[930076531, 930076532, 9057480569, 930076536, 930076537, 930076539, 930076531]",,,dormitory,,,紫荆学生公寓4号楼,紫荊學生公寓4號樓,,no,,,7,,,,,,,,,,,,,,,,,,,,,,,,,,,,,,,,,,,,,,
way,79696965,,紫荆学生公寓5号楼,Zijing Student Dormitory No. 5,紫荆学生公寓5号楼,清华大学,,"POLYGON ((116.3207989 40.0092242, 116.3216841 40.0100627, 116.3220944 40.0100709, 116.3220784 40.0102494, 116.3215797 40.0102348, 116.3206302 40.0093411, 116.3207989 40.0092242))",,,yes,"[930076546, 930076547, 930076548, 930076550, 930076552, 930076554, 930076546]",,,dormitory,,,紫荆学生公寓5号楼,紫荊學生公寓5號樓,,no,,,7,,,,,,,,,,,,,,,,,,,,,,,,,,,,,,,,,,,,,,
way,79696966,,紫荆学生公寓6号楼,Zijing Student Dormitory No. 6,紫荆学生公寓6号楼,清华大学,,"POLYGON ((116.3206003 40.0096474, 116.3215007 40.0104952, 116.3218867 40.0105013, 116.3218772 40.0106642, 116.3213917 40.0106498, 116.3204129 40.009758, 116.3206003 40.0096474))",,,yes,"[930076568, 930076569, 930076583, 931686818, 930076588, 930076591, 930076568]",,,dormitory,,,紫荆学生公寓6号楼,紫荊學生公寓6號樓,,no,,,7,,,,,,,,,,,,,,,,,,,,,,,,,,,,,,,,,,,,,,
way,79696968,,紫荆学生公寓7号楼,Zijing Student Dormitory No. 7,紫荆学生公寓7号楼,清华大学,,"POLYGON ((116.320356 40.0100701, 116.3208422 40.0105219, 116.3207005 40.0106113, 116.3202143 40.0101595, 116.320356 40.0100701))",,,yes,"[930076600, 930076603, 930076605, 930076607, 930076600]",,,dormitory,,,紫荆学生公寓7号楼,紫荊學生公寓7號樓,,no,,,7,北京市海淀区,,,,,,,,,,,,,,,,,,,,,,,,,,,,,,,,,,,,,
way,79696969,,紫荆学生公寓8号楼,Zijing Student Dormitory No. 8,紫荆学生公寓8号楼,清华大学,,"POLYGON ((116.3226468 40.0096899, 116.3239266 40.0097347, 116.3239148 40.0099317, 116.3226351 40.0098868, 116.3226468 40.0096899))",,,yes,"[930076618, 930076619, 6947921668, 930076621, 930076618]",,,dormitory,,,紫荆学生公寓8号楼,紫荊學生公寓8號樓,,no,,,7,,,,,,,,,,,,,,,,,,,,,,,,,,,,,,,,,,,,,,
way,79696970,restaurant,紫荆园餐厅,Zijingyuan Cafeteria,紫荆园餐厅,,,"POLYGON ((116.3220648 40.0107137, 116.3220686 40.0106009, 116.3221374 40.0106031, 116.3221442 40.010502, 116.3222419 40.0103831, 116.3224027 40.01033, 116.3224131 40.01027, 116.3226292 40.0102783, 116.3226282 40.0103403, 116.3227811 40.0104244, 116.3228344 40.0105221, 116.3228427 40.0106278, 116.3229015 40.010629, 116.3228968 40.0107403, 116.3220648 40.0107137))",,,yes,"[930076673, 983304862, 930076674, 983304870, 930076676, 930076677, 983304902, 983304886, 930076679, 930076681, 983304860, 930076683, 983304854, 930076689, 930076673]",yes,no,yes,chinese;indian;asian,,紫荆园餐厅,紫荊園餐廳,yes,no,yes,,,北京市海淀区,no,no,yes,,,,,,,,,,,,,,,,,,,,,,,,,,,,,,,,,,
way,79696971,restaurant,桃李园餐厅,Taoliyuan Canteen,桃李园餐厅,,,"POLYGON ((116.3194843 40.0095488, 116.3196046 40.0094739, 116.3196426 40.0095061, 116.3197229 40.0094689, 116.319836 40.0094381, 116.3199777 40.009434, 116.3200751 40.0094787, 116.3201497 40.0094421, 116.3202705 40.0095572, 116.3202178 40.0095873, 116.3202595 40.0096787, 116.3202462 40.0097687, 116.3201822 40.0098693, 116.3200865 40.0099218, 116.3201264 40.0099606, 116.3200024 40.0100341, 116.3194843 40.0095488))",,,yes,"[930076692, 983304858, 930076693, 983304844, 930076694, 930076697, 983304890, 930076699, 930076702, 983304881, 930076705, 930076708, 930076710, 983304861, 983304846, 930076712, 930076692]",yes,no,yes,,,桃李园餐厅,桃李園餐廳,no,no,yes,,,,no,yes,yes,,,,,,,,,,,,,,,,,,,,,,,,,,,,,,,,,,
way,79696972,,紫荆学生公寓1号楼,Zijing Student Dormitory No. 1,紫荆学生公寓1号楼,清华大学,,"POLYGON ((116.3192385 40.0082146, 116.3204449 40.0082595, 116.3210151 40.0087653, 116.3208191 40.0088905, 116.3203302 40.0084547, 116.3192259 40.0084135, 116.3192385 40.0082146))",,,yes,"[930076720, 930076722, 930076724, 930076727, 930076728, 930076729, 930076720]",,,dormitory,,,紫荆学生公寓1号楼,紫荊學生公寓1號樓,,no,,,7,,,,,,,,,,,,,,,,,,,,,,,,,,,,,,,,,,,,,,
way,79696973,,紫荆学生公寓2号楼,Zijing Student Dormitory No. 2,紫荆学生公寓2号楼,清华大学,,"POLYGON ((116.3191682 40.0086531, 116.320201 40.0086986, 116.3206567 40.0090825, 116.3204747 40.0092035, 116.3200991 40.0088746, 116.3191601 40.0088375, 116.3191682 40.0086531))",,,yes,"[930076730, 930076733, 930076737, 930076739, 930076742, 930076744, 930076730]",,,dormitory,,,紫荆学生公寓2号楼,紫荊學生公寓2號樓,,no,,,7,,,,,,,,,,,,,,,,,,,,,,,,,,,,,,,,,,,,,,
way,79696974,,紫荆学生公寓3号楼,Zijing Student Dormitory No. 3,紫荆学生公寓3号楼,清华大学,,"POLYGON ((116.3191336 40.0090529, 116.3200416 40.0090794, 116.3200331 40.0092485, 116.3191252 40.0092219, 116.3191336 40.0090529))",,,yes,"[930076751, 930076753, 930076755, 930076757, 930076751]",,,dormitory,,,紫荆学生公寓3号楼,紫荊學生公寓3號樓,,no,,,7,,,,,,,,,,,,,,,,,,,,,,,,,,,,,,,,,,,,,,
way,79697037,,C楼 - 学生服务中心,Building C - Student Services Center,C楼 - 学生服务中心,清华大学,,"POLYGON ((116.3224351 40.0088752, 116.3223412 40.0089266, 116.3222125 40.0089491, 116.3220811 40.0089389, 116.3219442 40.0088855, 116.3218626 40.0088209, 116.3218035 40.0087408, 116.3217768 40.0086566, 116.32177 40.0085652, 116.3217956 40.0084758, 116.3218504 40.0084088, 116.3219214 40.0083508, 116.3220246 40.0083047, 116.3221428 40.0082815, 116.322246 40.0082825, 116.3223479 40.0083, 116.3224661 40.0083505, 116.322356 40.0084745, 116.3222393 40.0084242, 116.3221427 40.0084252, 116.322022 40.0084673, 116.321963 40.0085455, 116.3219509 40.0086359, 116.32199 40.008711, 116.3220825 40.0087696, 116.3221711 40.0087861, 116.3222603 40.0087762, 116.3223252 40.0087519, 116.3224351 40.0088752))",,,yes,"[930083198, 930083200, 930083202, 930083205, 930083219, 930083227, 930083228, 930083232, 931704374, 930083236, 930083239, 930083244, 930083251, 930083254, 930083257, 930083262, 930083269, 930083276, 930083281, 930083286, 930083293, 930083299, 930083308, 930083312, 930083319, 930083325, 930083386, 930083391, 930083198]",,,university,,,C楼 - 学生服务中心,C樓 - 學生服務中心,,no,,,,,,,,,,,,,,,,,,,,,,,,,,,,,,,,,,,,,,,,,
way,79698948,,紫荆学生公寓19号楼,Zijing Student Dormitory Building 19,紫荆学生公寓19号楼,清华大学,,"POLYGON ((116.3256637 40.0101289, 116.326726 40.0101679, 116.3265976 40.0102868, 116.3255351 40.0102559, 116.3256637 40.0101289))",,,yes,"[930107137, 930107140, 930107142, 930107143, 930107137]",,,dormitory,,,紫荆学生公寓19号楼,紫荊學生公寓19號樓,,no,,,11,,,,,,,,,,,,,,,,,,,,,,,,,,,,,,,,,,,,,,
way,79698950,,紫荆学生公寓20号楼,Zijing Student Dormitory No. 20,紫荆学生公寓20号楼,清华大学,,"POLYGON ((116.3262406 40.0096522, 116.3272949 40.0096933, 116.3271637 40.009808, 116.3260879 40.0097648, 116.3262406 40.0096522))",,,yes,"[930107147, 930107150, 930107152, 930107155, 930107147]",,,dormitory,,,紫荆学生公寓20号楼,紫荊學生公寓20號樓,,no,,,11,,,,,,,,,,,,,,,,,,,,,,,,,,,,,,,,,,,,,,
way,79698952,,紫荆学生公寓21号楼,Zijing Student Dormitory No. 21,紫荆学生公寓21号楼,清华大学,,"POLYGON ((116.3266242 40.0092965, 116.3267611 40.0091734, 116.3278312 40.0092146, 116.3277135 40.0093355, 116.3266242 40.0092965))",,,yes,"[930107157, 930107159, 930107162, 930107164, 930107157]",,,dormitory,,,紫荆学生公寓21号楼,紫荊學生公寓21號樓,,no,,,11,,,,,,,,,,,,,,,,,,,,,,,,,,,,,,,,,,,,,,
way,79698956,,紫荆学生公寓22号楼,Zijing Student Dormitory No. 22,紫荆学生公寓22号楼,清华大学,,"POLYGON ((116.327153 40.008793, 116.3273462 40.008645, 116.3283923 40.0086841, 116.3282367 40.0088279, 116.327153 40.008793))",,,yes,"[930107172, 930107175, 930107177, 930107178, 930107172]",,,dormitory,,,紫荆学生公寓22号楼,紫荊學生公寓22號樓,,no,,,11,,,,,,,,,,,,,,,,,,,,,,,,,,,,,,,,,,,,,,
way,79698958,,紫荆学生公寓23号楼,Zijing Student Dormitory No. 23,紫荆学生公寓23号楼,清华大学,,"POLYGON ((116.327711 40.0083143, 116.3279121 40.0081581, 116.3289636 40.008189, 116.3287704 40.0083431, 116.327711 40.0083143))",,,yes,"[930107183, 930107185, 930107187, 930107189, 930107183]",,,dormitory,,,紫荆学生公寓23号楼,紫荊學生公寓23號樓,,no,,,11,,,,,,,,,,,,,,,,,,,,,,,,,,,,,,,,,,,,,,
way,79698971,,紫荆学生公寓15号楼,Zijing Student Dormitory No. 15,紫荆学生公寓15号楼,清华大学,,"POLYGON ((116.3219018 40.0114053, 116.3219788 40.0114012, 116.3223064 40.0110066, 116.3224241 40.011085, 116.3225326 40.0110129, 116.3228248 40.0114514, 116.3228968 40.0114581, 116.3228833 40.0115898, 116.3226712 40.0115793, 116.3226789 40.0115164, 116.3224872 40.0112125, 116.3223601 40.0112122, 116.322121 40.0114856, 116.3221213 40.0115409, 116.3218999 40.0115352, 116.3219018 40.0114053))",,,yes,"[930107236, 930107237, 930107238, 6951357342, 930107242, 930107245, 930107249, 930107252, 930107255, 6951357341, 930107258, 930107259, 6951357343, 930107260, 930107261, 930107236]",,,dormitory,,,紫荆学生公寓15号楼,紫荊學生公寓15號樓,,no,,,,,,,,,,,,,,,,,,,,,,,,,,,,,,,,,,,,,,,,,
way,79698988,,紫荆学生公寓18号楼,Zijing Student Dormitory No. 18,紫荆学生公寓18号楼,清华大学,,"POLYGON ((116.32498 40.0107427, 116.3251382 40.0106176, 116.3261817 40.0106527, 116.3260423 40.0107735, 116.32498 40.0107427))",,,yes,"[930107351, 930107353, 930107355, 930107357, 930107351]",,,dormitory,,,紫荆学生公寓18号楼,紫荊學生公寓18號樓,,no,,,,,,,,,,,,,,,,,,,,,,,,,,,,,,,,,,,,,,,,,
way,79699801,,陈明游泳馆,The Natatorium,陈明游泳馆,清华大学,,"POLYGON ((116.3244523 40.006013, 116.3246089 40.006018, 116.3246153 40.0058982, 116.3251601 40.0059154, 116.3251532 40.0060426, 116.325675 40.0060591, 116.3256463 40.0065921, 116.3252577 40.0065798, 116.3244232 40.0065534, 116.3244523 40.006013))",,private,yes,"[930118882, 6951357347, 991188038, 991188026, 6951357348, 930118884, 930118886, 7631857854, 930118888, 930118882]",no,,yes,,,陈明游泳馆,陳明游泳館,,,,,,,,,,yes,sports_hall,yes,swimming,,,,,,,,,,,,,,,,,,,,,,,,,,,,,,
way,79699802,,工物馆,Engineering Physics Building,工物馆,工程物理系;化学工程系,,"POLYGON ((116.3268612 40.0015086, 116.3278297 40.0015364, 116.3278103 40.0019342, 116.3275682 40.0019272, 116.3275797 40.0016927, 116.327058 40.0016778, 116.3270367 40.0021134, 116.3272573 40.0021197, 116.327263 40.0020039, 116.3274253 40.0020086, 116.3274196 40.0021252, 116.3275642 40.0021293, 116.3275714 40.0019825, 116.3278039 40.0019892, 116.3277885 40.0023047, 116.3268237 40.002277, 116.3268612 40.0015086))",,,yes,"[930118890, 930118892, 930118898, 7631857816, 7631857818, 930118900, 930118901, 7631857821, 7631857820, 7631857817, 7631857819, 983351367, 930118902, 992568841, 930118903, 930118905, 930118890]",,,university,,,工物馆,工物館,,no,,,,,,,,,,,,university,,,,,,,,,,,,,,,,,,,,,,,,,,,,,
way,79699845,,中央主楼,Main Building,中央主楼,清华大学,,"POLYGON ((116.3257304 40.0003174, 116.3263592 40.0003313, 116.3270014 40.0003454, 116.326999 40.0004841, 116.3269954 40.0005567, 116.3269889 40.0006765, 116.3267702 40.0006717, 116.3267735 40.0005849, 116.3265878 40.0005795, 116.3265767 40.0009458, 116.3265239 40.0010036, 116.3264562 40.0010353, 116.3263732 40.0010496, 116.3262959 40.0010436, 116.326223 40.0010196, 116.3261717 40.000987, 116.3261191 40.0009392, 116.3261329 40.0005719, 116.32594 40.0005676, 116.3259366 40.0006587, 116.3257178 40.0006539, 116.3257222 40.0005159, 116.3257263 40.0004386, 116.3257304 40.0003174))",,,yes,"[930121758, 10699314655, 930121759, 930126581, 930126583, 930121761, 930121763, 930121766, 5261967683, 5261967684, 6959725328, 5261967689, 5261967681, 6959725329, 5261967687, 5261967686, 5261967685, 5261967682, 930121777, 930121781, 930121783, 930123965, 930123968, 930121758]",,,university,,,中央主楼,中央主樓,,no,,,11,,,,,,,,,,,,,,,,,,,,,,,,,,,,,,,,,,,,,,
way,79699846,,西主楼,West Main Building,西主楼,清华大学,,"POLYGON ((116.3249531 39.9999338, 116.3248329 39.9999301, 116.3248126 39.9999295, 116.3248048 40.0000793, 116.3252584 40.0000933, 116.3252431 40.0003707, 116.3249642 40.0003625, 116.3249588 40.0004899, 116.3252324 40.0004981, 116.3252172 40.000878, 116.3247775 40.0008645, 116.3247705 40.0009978, 116.3252165 40.0010115, 116.325219 40.0009633, 116.3254001 40.0009688, 116.3254049 40.0008788, 116.3254334 40.0008797, 116.3254529 40.0005076, 116.325457 40.0004303, 116.3254821 39.9999501, 116.3249531 39.9999338))",,,yes,"[937453401, 6959725313, 937453422, 930121805, 930121808, 9740794053, 9740794054, 9740794055, 9740794056, 930121810, 930121812, 930121791, 930121793, 930121796, 930121799, 983373887, 983373891, 930123973, 930123976, 930121801, 937453401]",,,university,,,西主楼,西主樓,,no,,,,,,,,,,,,,,,,,,,,,,,,,,,,,,,,,,,,,,,,,
way,79699857,,,,,清华大学,,"POLYGON ((116.3254529 40.0005076, 116.3257222 40.0005159, 116.3257263 40.0004386, 116.325457 40.0004303, 116.3254529 40.0005076))",,,yes,"[930123973, 930123965, 930123968, 930123976, 930123973]",,,yes,,,,,,no,,,,,,,,,,,,,1,,,,,,,,,,,,,,,,,,,,,,,,,,,,
way,79699858,,,,,,,"POLYGON ((116.3277815 39.9997606, 116.3279297 39.9997649, 116.3279167 40.0000265, 116.3277686 40.0000222, 116.3277815 39.9997606))",,,,"[937453427, 937453446, 983373910, 937453426, 937453427]",,,yes,,,,,,,,,,,,,,,,,,,1,,,,,,,,,,,,,,,,,,,,,,,,,,,,
way,79699868,,,,,清华大学,,"POLYGON ((116.3272198 40.0005632, 116.3269954 40.0005567, 116.326999 40.0004841, 116.3272234 40.0004906, 116.3272198 40.0005632))",,,yes,"[930126601, 930126583, 930126581, 930126604, 930126601]",,,yes,,,,,,no,,,,,,,,,,,,,1,,,,,,,,,,,,,,,,,,,,,,,,,,,,
way,79700258,,文南楼,Wennan Bldg,文南楼,外国语言文学系,,"POLYGON ((116.3208518 40.000556, 116.321431 40.000579, 116.3214326 40.0005553, 116.3215377 40.0005595, 116.3215361 40.0005832, 116.321608 40.0005861, 116.3216033 40.0006554, 116.3216519 40.0006574, 116.3216478 40.0007176, 116.3214991 40.0007117, 116.3214949 40.0007748, 116.3213981 40.0007709, 116.3214021 40.0007119, 116.3208428 40.0006897, 116.3208518 40.000556))",,,yes,"[930130239, 930130241, 930130243, 930130244, 930130246, 930130249, 984042445, 984042524, 930130251, 930130253, 930130256, 930130258, 930130261, 930130265, 930130239]",,,yes,,,文南楼,文南樓,,no,,,,,,,,,,,,,,黄松益楼,,,,,,,,,,,,,,,,,,,,,,,,,,,
way,79700261,,第四教学楼,No. 4 Teaching Building,第四教学楼,清华大学,,"POLYGON ((116.3209212 40.0011436, 116.3213562 40.001163, 116.3213626 40.0010784, 116.3215693 40.0010876, 116.3215584 40.0012304, 116.3214884 40.0012273, 116.3214811 40.0013238, 116.3209095 40.0012984, 116.3209212 40.0011436))",,,yes,"[930130269, 930130271, 930130273, 930130275, 930130277, 930130279, 930130281, 930130284, 930130269]",,,yes,,,第四教学楼,第四教學樓,,no,,,,,,,,,,,,,,,,,,,,,,,,,,,,,,,,,,,,,,,,,
way,79701097,,第三教学楼三段,No. 3 Teaching Bldg Sector 1,第三教学楼三段,清华大学,,"POLYGON ((116.3219426 40.0017059, 116.3229112 40.0017326, 116.3229041 40.0018829, 116.3219355 40.0018562, 116.3219426 40.0017059))",,,yes,"[930134378, 930134382, 930134388, 930134392, 930134378]",,,university,,,第三教学楼三段,第三教學樓三段,,no,,,3,,,,,,,,,,,,,,,,,,,,,,,,,,,,,,,,,,,,,,
way,79701105,,第五教学楼,No. 5 Teaching Building,第五教学楼,清华大学,,"POLYGON ((116.3202809 40.0010355, 116.320422 40.0010421, 116.3204241 40.0010157, 116.3205471 40.0010214, 116.3205362 40.0011596, 116.3206772 40.0011661, 116.3206676 40.0012883, 116.3205133 40.0012812, 116.3205059 40.0013758, 116.3206098 40.0013806, 116.3206079 40.0014046, 116.3206995 40.0014088, 116.3206979 40.0014296, 116.3207694 40.0014329, 116.3207916 40.0014151, 116.3208344 40.0014553, 116.3208032 40.0014748, 116.3207981 40.0015398, 116.320567 40.0015291, 116.3205701 40.0014896, 116.3204665 40.0014849, 116.3204629 40.0015301, 116.3203353 40.0015242, 116.3203466 40.0013802, 116.3202441 40.0013755, 116.3202534 40.0012578, 116.3203632 40.0012629, 116.3203719 40.0011517, 116.3202721 40.0011471, 116.3202809 40.0010355))",,,yes,"[930134412, 930134417, 984042493, 930134420, 930134422, 930134424, 930134427, 930134432, 930134437, 984042472, 6959725341, 6959725342, 984042522, 984042440, 984042419, 930134440, 984042499, 930134442, 977305237, 977305238, 930134445, 930134446, 930134447, 930134448, 930134449, 930134450, 930134452, 930134454, 930134457, 930134412]",,,yes,,,第五教学楼,第五教學樓,,no,,,,,,,,,,,,,,,,,,,,,,,,,,,,,,,,,,,,,,,,,
way,79701106,,第六教学楼A区,No. 6 Teaching Bldg Sector A,第六教学楼A区,清华大学,,"POLYGON ((116.3233297 40.0011449, 116.3241176 40.0011615, 116.3243066 40.0013245, 116.3242799 40.0019645, 116.3240882 40.001808, 116.3240022 40.0017274, 116.3236284 40.0014101, 116.323551 40.0013397, 116.3233297 40.0011449))",,,yes,"[930134470, 930134471, 930134473, 930134476, 974516657, 974516660, 974516694, 974516696, 930134470]",,,university,,,第六教学楼A区,第六教學樓A區,,no,,,,,,,,,,,,,,,,,,,,,,,,,,,,,,,,,,,,,,,,,
way,79701107,,第六教学楼C区,No. 6 Teaching Bldg Sector C,第六教学楼C区,清华大学,,"POLYGON ((116.3233963 40.0013568, 116.3234599 40.0014109, 116.3235319 40.0014731, 116.3236524 40.001573, 116.3234994 40.0016759, 116.3233642 40.0017743, 116.3232784 40.0016962, 116.3232354 40.0016058, 116.3232462 40.0015154, 116.3233138 40.0014139, 116.3233963 40.0013568))",,,yes,"[930134497, 974516700, 974516690, 974516673, 974516671, 930134490, 930134493, 930134494, 930134495, 930134496, 930134497]",,,university,,,第六教学楼C区,第六教學樓C區,,no,,,,,,,,,,,,,,,,,,,,,,,,,,,,,,,,,,,,,,,,,
way,79701125,,第三教学楼一、二段,"No. 3 Teaching Bldg Sectors 2, 3",第三教学楼一、二段,清华大学,,"POLYGON ((116.3222459 40.0015468, 116.3222675 40.0011391, 116.3229607 40.0011607, 116.322952 40.0013237, 116.3223791 40.0013059, 116.3223731 40.0014192, 116.322942 40.0014369, 116.3229351 40.0015683, 116.3222459 40.0015468))",,,yes,"[930134689, 930134691, 930134693, 930134694, 930134700, 930134701, 930134702, 930134703, 930134689]",,,university,,,第三教学楼一、二段,第三教學樓一、二段,,no,,,,,,,,,,,,,1,,,,,,,,,,,,,,,,,,,,,,,,,,,,
way,79701306,,第一教学楼,No. 1 Teaching Building,第一教学楼,清华大学,,"POLYGON ((116.3180291 39.999928, 116.3179989 40.000464, 116.3178116 40.0004578, 116.3178418 39.9999218, 116.3180291 39.999928))",,,yes,"[930137222, 930137228, 930137233, 930137236, 930137222]",,,university,,,第一教学楼,第一教學樓,,no,,,3,,,,,,,,,,,,,,,,,,,,,,,,,,,,,,,,,,,,,,
way,79701309,,第二教学楼,No. 2 Teaching Building,第二教学楼,,,"POLYGON ((116.3179379 40.0008522, 116.3179157 40.0012257, 116.3177494 40.0012199, 116.3177631 40.0009888, 116.3176507 40.0009849, 116.3176592 40.0008424, 116.3179379 40.0008522))",,,,"[930137243, 930137247, 930137252, 930137257, 930137268, 930137275, 930137243]",,,yes,,,第二教学楼,第二教學樓,,,,,,,,,,,,,,,,,,,,,,,,,,,,,,,,,,,,,,,,,,,
way,79701310,,科学馆,Science Building,科学馆,,,"POLYGON ((116.3178953 40.0012932, 116.3178455 40.0018421, 116.3175932 40.0018287, 116.3176431 40.0012797, 116.3178953 40.0012932))",,,,"[930137289, 930137292, 930137295, 930137298, 930137289]",,,yes,,,科学馆,科學館,,,,,,,,,,,,,,,,,,,,,,,,,,,,,,,,,,,,,,,,,,,
way,79793748,,33-34号楼,Building 33-34,33-34号楼,清华大学,,"POLYGON ((116.3228072 40.0073227, 116.3230164 40.0072494, 116.323182 40.0072494, 116.323402 40.007347, 116.3234929 40.0073515, 116.3236988 40.0072601, 116.3237008 40.007194, 116.3238591 40.007196, 116.3238595 40.0072607, 116.3240018 40.0073266, 116.3239046 40.0074368, 116.3238033 40.0073906, 116.3237471 40.0073881, 116.3235233 40.0074809, 116.3233388 40.0074676, 116.3231315 40.0073786, 116.323076 40.0073796, 116.3228747 40.007461, 116.3228045 40.0074562, 116.3228072 40.0073227))",,,yes,"[931402173, 931402174, 931402175, 931402176, 931402177, 931402179, 6959725293, 6959725292, 993399366, 931402180, 931402181, 931402182, 931402183, 931402184, 931402185, 931402186, 931402187, 6959725294, 931402189, 931402173]",,,dormitory,,,33-34号楼,33-34號樓,,no,,,,,,,,,,,,,,,,,,,,,,,,,,,,,,,,,,,,,,,,,
way,79793749,,31-32号楼,Building 31-32,31-32号楼,清华大学,,"POLYGON ((116.3216693 40.0076512, 116.3216717 40.0076041, 116.3222873 40.0073439, 116.3223383 40.0073439, 116.322573 40.0074585, 116.3226427 40.0074594, 116.3226561 40.0073157, 116.3224231 40.0072087, 116.3222632 40.0072104, 116.3219779 40.0073229, 116.3219902 40.007343, 116.3216324 40.0074777, 116.3214539 40.0073954, 116.3213657 40.007504, 116.3215338 40.0075791, 116.3215315 40.0076464, 116.3216693 40.0076512))",,,yes,"[931402191, 931402192, 10188912145, 10188912146, 931402194, 931402195, 931402196, 931402197, 10188912147, 931402198, 931402199, 931402201, 6959725295, 6959725296, 931402202, 931402203, 931402191]",,,dormitory,,,31-32号楼,31-32號樓,,no,,,,,,,,,,,,,1,,,,,,,,,,,,,,,,,,,,,,,,,,,,
way,79793750,,37号楼,Building 37,37号楼,清华大学,,"POLYGON ((116.3221192 40.0068926, 116.322205 40.0067914, 116.3223472 40.0068556, 116.3224276 40.0068618, 116.3226253 40.006781, 116.322661 40.0067795, 116.3226583 40.0069008, 116.3224785 40.006981, 116.3222694 40.0069748, 116.3221192 40.0068926))",,,yes,"[931402204, 931402205, 931402206, 931402208, 6959725289, 931402210, 931402214, 931402217, 931402218, 931402204]",,,dormitory,,,37号楼,37號樓,,no,,,,,,,,,,,,,,,,,,,,,,,,,,,,,,,,,,,,,,,,,
way,79793751,,35-36号楼,Building 35-36,35-36号楼,清华大学,,"POLYGON ((116.3227996 40.0069097, 116.3227996 40.0067802, 116.3230491 40.0068815, 116.3231288 40.0068789, 116.3233366 40.0067967, 116.3235355 40.0068032, 116.3237369 40.0069035, 116.3238168 40.0069086, 116.3239316 40.0068604, 116.3240127 40.0069691, 116.323871 40.0070308, 116.3238671 40.0070687, 116.3236955 40.0070666, 116.3236928 40.0070247, 116.3234907 40.0069295, 116.3233837 40.00693, 116.3231818 40.0070091, 116.3230169 40.0070117, 116.3227996 40.0069097))",,,yes,"[931402225, 931402228, 931402231, 931402233, 931402234, 931402235, 931402246, 931402247, 931402248, 931402249, 931402253, 6959725290, 6959725291, 931402258, 931402261, 931402264, 931402265, 931402266, 931402225]",,,dormitory,,,35-36号楼,35-36號樓,,no,,,,,,,,,,,,,,,,,,,,,,,,,,,,,,,,,,,,,,,,,
way,80319114,library,逸夫馆,Yi Fu Library,逸夫馆,清华大学,,"POLYGON ((116.3176714 40.0039683, 116.3170072 40.0039365, 116.317063 40.0032039, 116.3172667 40.0032138, 116.3172642 40.0032442, 116.3175521 40.0032582, 116.3175544 40.0032313, 116.3177277 40.0032398, 116.3177091 40.0034638, 116.3178618 40.0034713, 116.3178487 40.0036301, 116.3177021 40.0036229, 116.317687 40.0038044, 116.3176848 40.0038316, 116.3176799 40.0038811, 116.3176714 40.0039683))",,private,yes,"[7953824147, 6138927696, 937446520, 6959716464, 6959716463, 6959716462, 6959716461, 937446521, 937446522, 937446524, 937446525, 937446526, 937446527, 7953824158, 4719688696, 7953824147]",yes,,yes,,,逸夫馆,逸夫館,,,,,,,,,,,,,,government,,,yes,customers,,,,,,,,,,,,,,,,,,,,,,,,,
way,80320310,,9003大楼,Department of Precision Instruments (9003 Building),9003大楼,精密仪器与机械学系,,"POLYGON ((116.3237323 39.9967777, 116.3239502 39.9967863, 116.3239536 39.9967341, 116.3239637 39.9965841, 116.3253285 39.9966375, 116.3253187 39.9967848, 116.3253108 39.996902, 116.325427 39.9969065, 116.3255267 39.9969104, 116.3255415 39.9966899, 116.3255814 39.9966915, 116.3255911 39.9965469, 116.3253508 39.9965375, 116.3253552 39.9964717, 116.3249342 39.9964551, 116.3249357 39.9964331, 116.3246753 39.9964229, 116.3243937 39.9964118, 116.3243919 39.996439, 116.3239624 39.9964221, 116.3239594 39.9964674, 116.3237215 39.9964581, 116.3237125 39.9965915, 116.3237447 39.9965927, 116.3237323 39.9967777))",,,yes,"[937462102, 937462103, 10186099508, 937462104, 937462105, 10186099509, 937462106, 10186099510, 937462107, 6959725309, 6959725308, 937462108, 937462109, 937462111, 6959725306, 6959725304, 10186099505, 6959725305, 6959725307, 937462112, 937462113, 937462114, 6959725310, 6959725311, 937462102]",,,school,,,9003大楼,9003大樓,,no,,,5,,,,,,,,,,,,,,,,,,,,,,,,,,,,,,,,,,,,,,
way,80320344,,美术学院大楼,Academy of Arts and Design Building,美术学院大楼,美术学院,,"POLYGON ((116.3282741 39.9986378, 116.3286809 39.9986517, 116.3289966 39.9987413, 116.3292979 39.9988028, 116.3297979 39.9988519, 116.3302515 39.9988652, 116.3306061 39.9988421, 116.3306542 39.9978834, 116.3292642 39.9978424, 116.3292479 39.9982253, 116.3282961 39.9981974, 116.3282741 39.9986378))",,,yes,"[937462499, 937462500, 7631857815, 937462501, 7631857814, 7631857813, 983942274, 937462503, 937462505, 937462506, 937462507, 937462499]",,,university,,,美术学院大楼,美術學院大樓,,no,,,,,,,,,,,,,1,,,,アカデミー オブ ファイン アーツ ビル,미술학원,,,,,,,,,,,,,,,,,,,,,,,
way,80341564,,清西文化购物长廊,,清西文化购物长廊,清华大学,,"POLYGON ((116.3173728 40.0061038, 116.3174654 40.0061058, 116.3174643 40.0061336, 116.3175847 40.0061363, 116.3175918 40.0059466, 116.3175514 40.0059458, 116.3175577 40.0057774, 116.3175983 40.0057783, 116.3175996 40.0057416, 116.3174522 40.0057384, 116.317453 40.0057157, 116.3174535 40.0057013, 116.3173878 40.0056999, 116.3173728 40.0061038))",,,yes,"[937625120, 984042485, 984042468, 937625121, 984042431, 984042516, 984042477, 984042463, 937625122, 975753392, 975753394, 975753395, 937625129, 937625120]",,,yes,,,清西文化购物长廊,清西文化購物長廊,,no,,,,,,,,,,,,,1,,,,,,,,,,,,,,,,,,,,,,,,,,,,
way,80341746,,学生文化活动中心,Center for Student Cultural Activities,学生文化活动中心,,,"POLYGON ((116.3155087 40.0031215, 116.3155155 40.0030143, 116.3154922 40.0029854, 116.3155075 40.0028386, 116.3156054 40.0027664, 116.3151114 40.002743, 116.3151173 40.0026817, 116.314963 40.0026745, 116.3149324 40.0030249, 116.3149906 40.0030801, 116.3151386 40.0030875, 116.3151356 40.0031067, 116.3155087 40.0031215))",,,,"[937627789, 984042473, 984042456, 984042523, 937627790, 984042478, 984042501, 937627791, 937627792, 984042466, 984042425, 984042506, 937627789]",,,yes,,,学生文化活动中心,學生文化活動中心,,,,,,,,,,,,,,,,,,,,,,,,,,,,,,,,,,,,,,,,,,,
way,80341819,,理科楼,,理科楼,理学院,,"POLYGON ((116.3129088 40.0037153, 116.3129358 40.0036961, 116.3130218 40.0036959, 116.313023 40.0036807, 116.3132678 40.0036886, 116.3132684 40.0037054, 116.3132979 40.0037064, 116.3132966 40.0037218, 116.3135441 40.0037297, 116.313546 40.0037064, 116.3138043 40.0037163, 116.3138022 40.0037547, 116.313878 40.0037553, 116.3139075 40.0034235, 116.314326 40.003442, 116.3143152 40.0035756, 116.3140095 40.0035592, 116.3139907 40.0037605, 116.3140208 40.0037876, 116.3142804 40.0037995, 116.3142484 40.0042213, 116.3139047 40.004206, 116.3138916 40.0043957, 116.3137983 40.0043917, 116.3138321 40.0039662, 116.3137303 40.0038513, 116.313116 40.0038254, 116.3129838 40.0039186, 116.3129529 40.004343, 116.3128777 40.0043381, 116.3128891 40.0041678, 116.3125367 40.0041513, 116.3125599 40.0038473, 116.3128123 40.0038572, 116.3128186 40.0037852, 116.312858 40.0037552, 116.312787 40.0037006, 116.312695 40.0036984, 116.3126355 40.0036479, 116.3126361 40.0035802, 116.3126972 40.0035406, 116.3127823 40.0035417, 116.312842 40.0035838, 116.3128413 40.0036511, 116.3129088 40.0037153))",,,,"[937629045, 9756407895, 984042482, 9756407894, 937629047, 9756407893, 9756407864, 9756407863, 937629049, 9756407892, 937629050, 9756407891, 937629051, 937629052, 937629053, 937629054, 937629055, 937629057, 9756407890, 937629058, 937629059, 984042458, 4481615501, 984042474, 937629061, 937629063, 937629064, 937629065, 984042510, 4481615499, 984042428, 937629067, 937629068, 937629069, 937629070, 9756407896, 937629071, 984042476, 937629073, 937629074, 937629075, 937629076, 937629077, 937629078, 937629045]",,,yes,,,理科楼,理科樓,,,,,,,,,,,,,,,1,,,,,,,,,,,,,,,,,,,,,,,,,,,,
way,80341870,,泥沙研究室,Sedimentation Building,泥沙研究室,清华大学,,"POLYGON ((116.3210965 40.0013892, 116.3213813 40.0014057, 116.3213506 40.0017173, 116.3214342 40.0017221, 116.3213526 40.0025515, 116.3209404 40.0025277, 116.3209483 40.0024472, 116.3208752 40.002443, 116.3209578 40.0016042, 116.3210747 40.001611, 116.3210965 40.0013892))",,,yes,"[937629479, 937629480, 937629481, 937629484, 937629485, 984042469, 984042488, 937629486, 937629487, 937629488, 937629479]",,,school,,,泥沙研究室,泥沙研究室,,no,,,,,,,,,,,,,,,,,,,,,,,,,,,,,,,,,,,,,,,,,
way,80341905,,15号楼,Building 15,15号楼,清华大学,,"POLYGON ((116.3215303 40.0055643, 116.3216848 40.005395, 116.321687 40.0053295, 116.3215732 40.0051616, 116.3217127 40.0051205, 116.3218285 40.0052966, 116.3219036 40.0053442, 116.3221373 40.0053475, 116.3221396 40.0054607, 116.3218905 40.0054527, 116.3218329 40.0054705, 116.3216805 40.0056465, 116.3215303 40.0055643))",,,yes,"[937629876, 937629877, 937629878, 937629879, 937629880, 937629881, 937629882, 937629884, 937629885, 937629886, 937629887, 937629888, 937629876]",,,dormitory,,,15号楼,15號樓,,no,,,,,,,,,,,,,,,,,,,,,,,,,,,,,,,,,,,,,,,,,
way,80341983,,明理楼 （法学院）,Ming Li Building (School of Law),明理楼 （法学院）,清华大学,,"POLYGON ((116.3255336 39.9972414, 116.3255388 39.9971121, 116.325841 39.9971193, 116.3258456 39.9970069, 116.3257423 39.9970045, 116.3257513 39.9967806, 116.3258668 39.9967834, 116.3258767 39.9965355, 116.3261204 39.9965413, 116.3260917 39.9972546, 116.3255336 39.9972414))",,,yes,"[937631103, 937631105, 937631107, 937631109, 937631111, 937631112, 937631114, 937631115, 937631117, 937631119, 937631103]",,,yes,,,明理楼 （法学院）,明理樓 （法學院）,,no,,,,,,,,,,,,,,,,,,,,,,,,,,,,,,,,,,,,,,,,,
way,80342017,,建筑馆,Architecture Hall,建筑馆,建筑学院,,"POLYGON ((116.3267924 39.9985844, 116.3268288 39.9978979, 116.3280714 39.9979366, 116.3280549 39.9982476, 116.3278411 39.9982409, 116.3278484 39.9981046, 116.3271721 39.9980835, 116.3271688 39.9981469, 116.3273093 39.9981513, 116.3272967 39.9983889, 116.3271425 39.9983841, 116.3271401 39.9984297, 116.3276033 39.9984461, 116.3275991 39.9986044, 116.3267924 39.9985844))",,,yes,"[937631986, 937631987, 937631988, 937631989, 937631990, 937631992, 937631993, 6959725321, 6959725322, 6959725323, 6959725324, 937631994, 937631995, 983942275, 937631986]",,,university,,,建筑馆,建築館,,no,,,5,,,,,,,,,,,,,,,,,,,,,,,,,,,,,,,,,,,,,,
way,80342046,restaurant,听涛园餐厅,Tingtaoyuan Cafeteria,听涛园餐厅,,,"POLYGON ((116.3205612 40.0049763, 116.3211387 40.0050075, 116.3210959 40.0055653, 116.320463 40.0055276, 116.3204662 40.0054551, 116.3204986 40.0054154, 116.3205267 40.0054038, 116.3205612 40.0049763))",,,yes,"[937632435, 937632436, 937632437, 937632438, 983351382, 983351368, 983351373, 937632435]",yes,no,yes,,,听涛园餐厅,聽濤園餐廳,no,no,,,,,no,,,,,,,,,,yes,customers,,,,,,,,,,,,,,,,,,,,,,,,,
way,80342091,restaurant,丁香园餐厅,Dingxiangyuan Cafeteria,丁香园餐厅,,,"POLYGON ((116.3202775 40.0070803, 116.3202956 40.0067739, 116.3207553 40.0067899, 116.3207479 40.0069154, 116.3207832 40.006915, 116.320847 40.0069309, 116.3209006 40.0069619, 116.3209381 40.0070045, 116.3209556 40.0070541, 116.3209511 40.0071054, 116.3209251 40.0071528, 116.3208804 40.0071911, 116.3208218 40.0072162, 116.3207558 40.0072255, 116.3206895 40.0072178, 116.32063 40.007194, 116.3205838 40.0071567, 116.3205559 40.00711, 116.3205533 40.0070899, 116.3202775 40.0070803))",,,yes,"[10188912024, 10188912023, 10188912022, 10188912021, 937633532, 937633534, 937633535, 937633536, 937633537, 937633538, 937633539, 937633540, 937633541, 937633542, 937633543, 937633544, 937633545, 937633546, 10188912020, 10188912024]",yes,no,yes,,,丁香园餐厅,丁香園餐廳,no,no,yes,,,,,,,,,,,,,,,,,,no,,,,,,,,,,,,,,,,,,,,,,
way,80342199,,节水科研教育基地,,节水科研教育基地,清华大学,,"POLYGON ((116.3211081 40.0108935, 116.3206065 40.0108751, 116.3208362 40.0112021, 116.3211081 40.0108935))",,,,"[937635058, 937635057, 6948372550, 937635058]",,,yes,,,节水科研教育基地,節水科研教育基地,,,,,,,,,,,,,,,,,,,,,,wastewater_plant,,,,,,,,,,,,,,,,,,,,,
way,80716194,,射击馆,Shooting Hall,射击馆,,,"POLYGON ((116.3268274 40.0053173, 116.3270938 40.0053243, 116.3271673 40.003683, 116.3269008 40.003676, 116.3268274 40.0053173))",,private,,"[371156352, 941369220, 941369221, 371156353, 371156352]",,,yes,,,射击馆,射擊館,,,,,,,,,,,sports_centre,,shooting,,-1,,,,,,,,维学馆,,,,,,,,,,,,,,,,,,,,
way,80716195,,12号楼,Building 12,12号楼,清华大学,,"POLYGON ((116.323469 40.0050434, 116.3241381 40.0050614, 116.3241319 40.0051961, 116.3234628 40.0051781, 116.323469 40.0050434))",,,yes,"[941369223, 941369224, 941369225, 941369226, 941369223]",,,dormitory,,,12号楼,12號樓,,no,,,,,,,,,,,,,,,,,,,,,,,,,,,,,,,,,,,,,,,,,
way,80716519,hospital,清华大学医院,Tsinghua University Hospital,清华大学医院,清华大学,,"POLYGON ((116.3120721 40.0011451, 116.3124722 40.0011622, 116.3124633 40.0012844, 116.312341 40.0012791, 116.3123328 40.0013924, 116.3124358 40.0013968, 116.3124273 40.001513, 116.3123228 40.0015085, 116.3123096 40.0016899, 116.3124263 40.0016949, 116.3124106 40.0019106, 116.3117287 40.0018814, 116.3117333 40.0018185, 116.3117695 40.00182, 116.311795 40.0014704, 116.3118255 40.0014718, 116.3118326 40.0013741, 116.3120547 40.0013836, 116.3120721 40.0011451))",,,yes,"[941372634, 941372637, 941372638, 941372639, 941372640, 941372641, 941372643, 9766263478, 9766263477, 941372652, 941372653, 941372655, 9766263476, 9766263475, 941372656, 941372658, 941372659, 941372660, 941372634]",,,yes,,,清华大学医院,清華大學醫院,,,,,,,,,,,,,,government,,,,,,,,,,yes,hospital,,,,,,,,,,,,,,,,,,
way,80716523,,近春园宾馆,,近春园宾馆,,,"POLYGON ((116.3116555 40.0010189, 116.3117376 40.001022, 116.3117362 40.0010443, 116.311953 40.0010525, 116.3119575 40.000983, 116.3121161 40.0009889, 116.3121267 40.000824, 116.3120286 40.0008203, 116.3120496 40.000493, 116.3118328 40.0004848, 116.3118309 40.000514, 116.3114868 40.000501, 116.3114827 40.0005648, 116.3115379 40.0005669, 116.3115334 40.0006362, 116.3115537 40.000637, 116.3115504 40.0006884, 116.3115921 40.00069, 116.3115905 40.0007148, 116.3117844 40.0007221, 116.3117794 40.0008014, 116.3116295 40.0007957, 116.3116206 40.0009339, 116.3116609 40.0009354, 116.3116555 40.0010189))",,,,"[941372661, 9766263466, 9766263465, 941372662, 941372663, 941372664, 941372665, 941372666, 941372667, 984042429, 984042459, 941372668, 9766263474, 9766263473, 9766263472, 941372669, 9766263471, 9766263470, 9766263469, 941372670, 984042483, 984042512, 9766263468, 9766263467, 941372661]",,,hotel,,,近春园宾馆,近春園賓館,,,,,,,,,,,,,,,,,,,,,,,,,,hotel,,,,,,,,,,,,,,,,,
way,80716732,,西阶梯教室,,西阶梯教室,,,"POLYGON ((116.3175273 40.0020376, 116.317827 40.002059, 116.3178466 40.0018977, 116.3175469 40.0018763, 116.3175273 40.0020376))",,,,"[941373368, 941373369, 941373370, 941373371, 941373368]",,,yes,,,西阶梯教室,西階梯教室,,,,,,,,,,,,,,,,高田芳行馆,,,,,,,,,,,,,,,,,,,,,,,,,,,
way,80716744,,清华-苏伊士环境 环境科学与工程实验实践教学中心,Tsinghua-Suez Environment Environmental Science and Engineering Experiment & Practice Educational Laboratory,清华-苏伊士环境 环境科学与工程实验实践教学中心,清华大学,,"POLYGON ((116.3197278 40.0031087, 116.3201332 40.0031214, 116.3201221 40.0033288, 116.3203078 40.0033347, 116.3203017 40.0034487, 116.3201722 40.0034447, 116.3201692 40.0035013, 116.319668 40.0034856, 116.3196838 40.0031915, 116.3197233 40.0031928, 116.3197278 40.0031087))",,,yes,"[941373508, 941373509, 941373510, 941373511, 941373512, 941373513, 941373514, 941373515, 941373516, 941373517, 941373508]",,,yes,,,清华-苏伊士环境 环境科学与工程实验实践教学中心,清華-蘇伊士環境 環境科學與工程實驗實踐教學中心,,no,,,,,,,,,,,,,,,,,,,,,,,,,,,,,,,,,,,,,,,,,
way,80716851,,,,,,,"POLYGON ((116.3179899 39.9974442, 116.3185642 39.9974058, 116.3185421 39.9970799, 116.3180892 39.9971047, 116.3180972 39.9972409, 116.3179685 39.9972388, 116.3179899 39.9974442))",,,,"[941374344, 941374345, 941374346, 941374347, 941374348, 941374349, 941374344]",,,yes,,,,,,,,,,,,,,,,,,,,,,,,,,,,,,,,,,,,,,,,,,,,,,,
way,80716852,,,,,,,"POLYGON ((116.3186686 39.9973763, 116.3186444 39.9970744, 116.3191808 39.9970367, 116.3191915 39.9973456, 116.3186686 39.9973763))",,,,"[941374350, 941374351, 941374352, 941374353, 941374350]",,,yes,,,,,,,,,,,,,,,,,,,,,,,,,,,,,,,,,,,,,,,,,,,,,,,
way,80716853,,,,,,,"POLYGON ((116.3180227 39.9979025, 116.3179899 39.997588, 116.3191701 39.9975201, 116.3191916 39.9978346, 116.3180227 39.9979025))",,,,"[941374354, 941374355, 941374356, 941374357, 941374354]",,,yes,,,,,,,,,,,,,,,,,,,,,,,,,,,,,,,,,,,,,,,,,,,,,,,
way,80717723,,蒙民伟人文楼,,蒙民伟人文楼,清华大学,,"POLYGON ((116.32193 40.0023938, 116.3219936 40.0021337, 116.3222095 40.0021541, 116.3230191 40.002175, 116.323007 40.0024706, 116.3223084 40.0024539, 116.32193 40.0023938))",,,yes,"[941382025, 941382026, 9748178852, 941382027, 6956583338, 941382028, 941382025]",,,yes,,,蒙民伟人文楼,蒙民偉人文樓,,no,,,,,,,,,,,,,,,,,,,,,,,,,,,,,,,,,,,,,,,,,
way,80813584,,机北楼,,机北楼,清华大学,,"POLYGON ((116.3206014 40.0047552, 116.3211352 40.0047795, 116.3211584 40.0044807, 116.3210051 40.0044737, 116.3209975 40.0045709, 116.3210874 40.0045749, 116.3210837 40.0046228, 116.3206133 40.0046014, 116.3206014 40.0047552))",,,yes,"[942349440, 942349443, 942349444, 942349447, 9748233326, 9748233327, 6956583352, 6956583351, 942349440]",,,yes,,,机北楼,機北樓,,no,,,,,,,,,,,,,,,,,,,,,,,,,,,,,,,,,,,,,,,,,
way,80916524,,纳米科技楼,Nanotechnology Building,纳米科技楼,,,"POLYGON ((116.3225443 39.9974391, 116.3225668 39.9969916, 116.3231737 39.9970095, 116.3231512 39.9974571, 116.3225443 39.9974391))",,,,"[943360425, 943360428, 943360430, 943360433, 943360425]",,,yes,,,纳米科技楼,納米科技樓,,,,,,,,,,,,,,,,,,,,,,,,,,,,,,,,,,,,,,,,,,,
way,80916617,,服务楼,,服务楼,,,"POLYGON ((116.3183973 39.9981312, 116.3185383 39.9981231, 116.3185423 39.9981645, 116.3189132 39.9981433, 116.3189249 39.9982631, 116.3184131 39.9982925, 116.3183973 39.9981312))",,,,"[943362709, 10188901416, 10188901415, 943362711, 943362715, 943362718, 943362709]",,,yes,,,服务楼,服務樓,,,,,,,,,,,,,,,,,,,,,,,,,,,,,,,,,,,,,,,,,,,
way,80917040,,档案馆,Archives,档案馆,清华大学,,"POLYGON ((116.318968 40.0040751, 116.3186162 40.004056, 116.31862 40.0040152, 116.3186279 40.0039295, 116.318821 40.0039399, 116.3188372 40.0037639, 116.318996 40.0037725, 116.318968 40.0040751))",,,yes,"[943379846, 6959716450, 7953824157, 7953824148, 943379849, 6959716447, 6959716446, 943379846]",,,yes,,,档案馆,檔案館,,no,,,,,,,,,,,,,,,,,,,,,,,,,,,,,,,,,,,,,,,,,
way,81140527,,6号楼,Building 6,6号楼,清华大学,,"POLYGON ((116.3223749 40.0047687, 116.3223808 40.004632, 116.3233052 40.0046554, 116.3232993 40.0047921, 116.3223749 40.0047687))",6,,yes,"[945575343, 945575345, 945575346, 945575348, 945575343]",,,dormitory,,,6号楼,6號樓,,no,,,,,,,,,,,,,,,,,,,,,,,,,Tsinghua University,,,,,,,,,,,,,,,,
way,81140528,,7号楼,Building  7,7号楼,清华大学,,"POLYGON ((116.3224089 40.0041209, 116.3233038 40.0041536, 116.3233122 40.0040183, 116.3224173 40.0039856, 116.3224089 40.0041209))",,,yes,"[945575359, 945575360, 945575361, 945575368, 945575359]",,,dormitory,,,7号楼,7號樓,,no,,,,,,,,,,,,,,,,,,,,,,,,,,,,,,,,,,,,,,,,,
way,81151484,,技术科学楼,Technology and Science Building,技术科学楼,清华大学,,"POLYGON ((116.3270708 39.9965653, 116.3280751 39.9965906, 116.3280679 39.9967597, 116.3272793 39.9967399, 116.3272716 39.9969188, 116.327563 39.9969261, 116.3275603 39.9969895, 116.328075 39.9970024, 116.3280605 39.9973419, 116.32704 39.9973162, 116.3270429 39.9972467, 116.3269411 39.9972441, 116.3269676 39.9966244, 116.3270681 39.9966269, 116.3270708 39.9965653))",,,yes,"[945710806, 945710807, 945710809, 945710811, 983942265, 983942259, 945710814, 945710820, 945710823, 983942264, 983942258, 945710826, 983942280, 983942270, 945710806]",,,yes,,,技术科学楼,技術科學樓,,no,,,,,,,,,,,,,,,,,,,,,,,,,,,,,,,,,,,,,,,,,
way,82714382,,11号楼,Building 11,11号楼,清华大学,,"POLYGON ((116.3235007 40.0047005, 116.3241794 40.0047197, 116.3241729 40.0048544, 116.3234942 40.0048353, 116.3235007 40.0047005))",,,yes,"[963053097, 963053100, 963053101, 963053102, 963053097]",,,dormitory,,,11号楼,11號樓,,no,,,,,,,,,,,,,,,,,,,,,,,,,,,,,,,,,,,,,,,,,
way,82714383,,30号楼,Building 30,30号楼,清华大学,,"POLYGON ((116.323613 40.005463, 116.3240916 40.005472, 116.3240788 40.0058724, 116.3238945 40.0058689, 116.3239034 40.005589, 116.3236091 40.0055835, 116.323613 40.005463))",,,yes,"[963053108, 963053113, 963053115, 963053117, 963053119, 963053121, 963053108]",,,dormitory,,,30号楼,30號樓,,no,,,,,,,,,,,,,,,,,,,,,,,,,,,,,,,,,,,,,,,,,
way,82714858,,10号楼北楼,"Building 10, North",10号楼北楼,清华大学,,"POLYGON ((116.3235125 40.0042374, 116.3236708 40.0042415, 116.3236653 40.0043669, 116.3240388 40.0043765, 116.3240441 40.0042536, 116.3241933 40.0042574, 116.3241822 40.0045096, 116.3235013 40.0044921, 116.3235125 40.0042374))",,,yes,"[963060893, 6956583358, 963060894, 963060897, 6956583357, 963060900, 963060903, 963060906, 963060893]",,,dormitory,,,10号楼北楼,,,no,,,6,,,,,,,,,,,,,,,,,,,,,,,2,,,,,,,,,,,,,,,
way,83689879,,,,,清华大学,,"POLYGON ((116.3239952 40.0018752, 116.3240882 40.001808, 116.3240022 40.0017274, 116.3239037 40.0017946, 116.3239952 40.0018752))",,,yes,"[974516655, 974516657, 974516660, 974516661, 974516655]",,,university,,,,,,no,,,,,,,,,,,,,1,,,,,,,,,,,,,,,,,,,,,,,,,,,,
way,83689880,,,,,清华大学,,"POLYGON ((116.3235429 40.0017111, 116.3234994 40.0016759, 116.3236524 40.001573, 116.3236904 40.0016102, 116.3235429 40.0017111))",,,yes,"[974516669, 974516671, 974516673, 974525936, 974516669]",,,university,,,,,,no,,,,,,,,,,,,,,,,,,,,,,,,,,,,,,,,,,,,,,,,,
way,83689881,,,,,清华大学,,"POLYGON ((116.3235319 40.0014731, 116.3236284 40.0014101, 116.323551 40.0013397, 116.3234599 40.0014109, 116.3235319 40.0014731))",,,yes,"[974516690, 974516694, 974516696, 974516700, 974516690]",,,university,,,,,,no,,,,,,,,,,,,,1,,,,,,,,,,,,,,,,,,,,,,,,,,,,
way,83690464,,第六教学楼B区,No. 6 Teaching Bldg Sector B,第六教学楼B区,清华大学,,"POLYGON ((116.3232531 40.0019138, 116.3240825 40.0019496, 116.3239952 40.0018752, 116.3239037 40.0017946, 116.3236904 40.0016102, 116.3235429 40.0017111, 116.3232531 40.0019138))",,,yes,"[974525947, 974525950, 974516655, 974516661, 974525936, 974516669, 974525947]",,,university,,,第六教学楼B区,第六教學樓B區,,no,,,,,,,,,,,,,,,,,,,,,,,,,,,,,,,,,,,,,,,,,
way,83785990,,能科楼,Energy Sciences Building,能科楼,清华大学,,"POLYGON ((116.3225447 39.9967348, 116.3229101 39.9967388, 116.3229886 39.996769, 116.3230713 39.996772, 116.3231428 39.9967442, 116.3231932 39.9966895, 116.3232046 39.9966249, 116.3231702 39.9965528, 116.3231322 39.9964975, 116.3230543 39.9965324, 116.3229855 39.9965297, 116.3229281 39.9965534, 116.3228988 39.9965931, 116.322779 39.9965918, 116.3225533 39.9965894, 116.3225447 39.9967348))",,,yes,"[975557688, 975557701, 983942278, 975557703, 983942269, 975557705, 9740697224, 975557707, 9740697225, 975557710, 975557713, 975557716, 975557730, 10266927025, 975557731, 975557688]",,,yes,,,能科楼,能科樓,,no,,,,,,,,,,,,,,,,,,,,,,,,,,,,,,,,,,,,,,,,,
way,83799497,,何善衡馆 （土木馆）,,何善衡馆 （土木馆）,清华大学,,"POLYGON ((116.3238785 40.0030688, 116.3242395 40.0030794, 116.3242778 40.002317, 116.323957 40.0023075, 116.3239521 40.0024036, 116.3240898 40.0024077, 116.3240782 40.0026368, 116.3239005 40.0026316, 116.3238785 40.0030688))",,,yes,"[975646838, 975646839, 975646840, 975646841, 975646842, 975646843, 975646844, 975646845, 975646838]",,,university,,,何善衡馆 （土木馆）,何善衡館 （土木館）,,no,,,,,,,,,,,,,,土木馆,,,,,,,,,,,,,,,,,,,,,,,,,,,
way,83799756,,综合体育馆,Comprehensive Gymnasium,综合体育馆,清华大学,,"POLYGON ((116.3256971 40.0026624, 116.3268798 40.0026934, 116.3268548 40.0035328, 116.3256721 40.0035017, 116.3256971 40.0026624))",,,,"[975647238, 975647239, 9177794392, 9177794393, 975647238]",,,yes,,,综合体育馆,綜合體育館,,,,,,,,,,,stadium,,multi,,,,,,,,,,,,,,,,,,,,,,,,,,,,,,
way,83801034,,化学馆,Chemistry Building,化学馆,化学系,,"POLYGON ((116.3129149 40.0045595, 116.3137654 40.0046007, 116.3137599 40.004667, 116.3137558 40.0047167, 116.3137501 40.0047854, 116.3128997 40.0047442, 116.3129149 40.0045595))",,,yes,"[975657241, 975657242, 991177384, 991177364, 975657243, 975657244, 975657241]",,,yes,,,化学馆,化學館,,no,,,,,,,,,,,,,,,,,,,,,,,,,,,,,,,,,,,,,,,,,
way,83805067,,清华学堂,Tsinghua Xue Tang,清华学堂,清华大学,,"POLYGON ((116.3187971 40.0013322, 116.3189379 40.0013415, 116.3189591 40.0011538, 116.3191121 40.0010631, 116.3198358 40.0011111, 116.3199407 40.0012168, 116.3199207 40.0013933, 116.3200707 40.0014033, 116.3201047 40.0011026, 116.3200139 40.0010064, 116.318984 40.0009381, 116.3188323 40.0010199, 116.3187971 40.0013322))",,,yes,"[975700567, 975700568, 6959725344, 975700572, 975700574, 6959725346, 975700577, 975700578, 6959725343, 975700581, 975700582, 6959725345, 975700567]",,,yes,,,清华学堂,清華學堂,,no,,,,,,,,,,,,,,,,,,,,,,,,,,,,,,,,,,,,,,,,,
way,83805169,,焊接馆,Welding Bldg,焊接馆,机械工程系,,"POLYGON ((116.3242767 40.0008708, 116.3243141 39.9999686, 116.3240879 39.999963, 116.3240505 40.0008653, 116.3242767 40.0008708))",,,yes,"[975701211, 975701212, 975701213, 975701214, 975701211]",,,yes,,,焊接馆,焊接館,,no,,,,,,,,,,,,,,,,,,,,,,,,,,,,,,,,,,,,,,,,,
way,83805170,,8号楼,Building 8,8号楼,清华大学,,"POLYGON ((116.3224411 40.0035517, 116.3233616 40.00358, 116.323354 40.003725, 116.3224335 40.0036968, 116.3224411 40.0035517))",,,yes,"[975701215, 975701216, 975701217, 975701222, 975701215]",,,dormitory,,,8号楼,8號樓,,no,,,,,,,,,,,,,,,,,,,,,,,,,,,,,,,,,,,,,,,,,
way,83805171,,9号楼,Building 9,,清华大学,,"POLYGON ((116.3235304 40.0035844, 116.3242271 40.0035925, 116.3242242 40.0037384, 116.3235275 40.0037303, 116.3235304 40.0035844))",,,yes,"[975701223, 975701224, 975701225, 975701226, 975701223]",,,dormitory,,,9号楼,9號樓,,no,,,6,北京市海淀区,,,,,,,,,,,,,,,,,,,,,,2,100084,,,,,,,,,,,,,,
way,83805172,,10号楼,Building 10,10号楼,清华大学,,"POLYGON ((116.3235285 40.0039334, 116.3242116 40.0039463, 116.324207 40.0040915, 116.3235239 40.0040786, 116.3235285 40.0039334))",,,yes,"[975701227, 975701228, 975701229, 975701230, 975701227]",,,dormitory,,,10号楼,10號樓,,no,,,6,,,,,,,,,,,,,,,,,,,,,,,2,,,,,,,,,,,,,,,
way,83805221,,5号楼,Building 5,5号楼,清华大学,,"POLYGON ((116.3223435 40.0049695, 116.3224996 40.0049722, 116.3224972 40.0050538, 116.3229999 40.0050624, 116.3230935 40.005064, 116.3230957 40.0049892, 116.323256 40.0049919, 116.3232505 40.005177, 116.3223379 40.0051612, 116.3223435 40.0049695))",,,yes,"[975701374, 975701375, 975701376, 9978883267, 975701377, 975701378, 975701379, 975701380, 975701381, 975701374]",,,dormitory,,,5号楼,5號樓,,no,,,,,,,,,,,,,,,,,,,,,,,,,,,,,,,,,,,,,,,,,
way,83810378,,机械工程楼,Mechanical Engineering Building,机械工程楼,热能工程系,,"POLYGON ((116.3187651 39.9997679, 116.3196679 39.999809, 116.3196601 39.9999095, 116.3198532 39.9999183, 116.3198241 40.0002937, 116.3196285 40.0002848, 116.3196536 39.9999603, 116.3187534 39.9999193, 116.3187651 39.9997679))",,,yes,"[975747673, 975747675, 4481615176, 4481615177, 4481615180, 4481615179, 975747676, 975747677, 975747673]",,,yes,,,机械工程楼,機械工程樓,,no,,,,,,,,,,,,,,,,,,,,,,,,,,,,,,,,,,,,,,,,,
way,83810434,,善斋,Shangzhai,善斋,马克思主义学院,,"POLYGON ((116.3147109 40.0046539, 116.3154227 40.0046988, 116.3154106 40.0048119, 116.3146987 40.004767, 116.3147109 40.0046539))",,,yes,"[975748361, 975748362, 975748363, 975748365, 975748361]",,,yes,,,善斋,善齋,,no,,,2,,,,,,,,,,,,,,,,,,,,,,,,,,,,,,,,,,,,,,
way,83810503,,明斋,Ming Zhai,明斋,清华大学,,"POLYGON ((116.3156581 40.0050167, 116.3157922 40.0050208, 116.3158105 40.0048545, 116.3158929 40.0048087, 116.3165073 40.0048404, 116.3165528 40.0048847, 116.3165307 40.0050715, 116.3166631 40.0050777, 116.3166936 40.0048215, 116.3165969 40.0047455, 116.3158674 40.0047085, 116.3156796 40.0048071, 116.3156581 40.0050167))",,,yes,"[975749780, 975749781, 975749782, 10188911939, 975749783, 10188911938, 975749785, 975749786, 975749787, 975749788, 975749790, 975749791, 975749780]",,,yes,,,明斋,明齋,,no,,,,,,,,,,,,,,,,,,,,,,,,,,,,,,,,,,,,,,,,,
way,83810686,,新斋,Xin Zhai,新斋,人文社会科学学院,,"POLYGON ((116.316969 40.0048066, 116.317629 40.00484, 116.3176207 40.0049357, 116.3175836 40.0049338, 116.3175873 40.0048906, 116.3173402 40.0048782, 116.3173276 40.0050244, 116.3176119 40.0050388, 116.3176076 40.0050897, 116.3173328 40.0050759, 116.317317 40.0052594, 116.3176007 40.0052737, 116.3175959 40.0053285, 116.3169191 40.0052944, 116.3169241 40.0052372, 116.3172046 40.0052514, 116.31722 40.0050728, 116.3169427 40.0050588, 116.3169476 40.0050015, 116.3172285 40.0050157, 116.3172406 40.004875, 116.3170178 40.0048638, 116.3170145 40.0049016, 116.316961 40.0048989, 116.316969 40.0048066))",,,yes,"[975752079, 975752082, 7631857848, 975752084, 7631857849, 975752086, 975752088, 975752091, 975752092, 975752094, 975752096, 975752099, 975752101, 975752103, 975752104, 975752105, 975752106, 975752107, 975752108, 975752110, 975752112, 7631857850, 7631857851, 975752115, 975752079]",,,yes,,,新斋,新齋,,no,,,,,,,,,,,,,,,,,,,,,,,,,,,,,,,,,,,,,,,,,
way,83811670,,,,,清华大学,,"POLYGON ((116.3186307 40.0080725, 116.3188834 40.0080769, 116.3188798 40.0081968, 116.3186271 40.0081923, 116.3186307 40.0080725))",,,yes,"[975771146, 975771152, 975771153, 975771154, 975771146]",,,yes,,,,,,no,,,,,,,,,,,,,,,,,,,,,,,,,,,,,,,,,,,,,,,,,
way,83811713,,26号楼,Building 26,26号楼,清华大学,,"POLYGON ((116.3193075 40.0078399, 116.3196827 40.0078518, 116.3196817 40.0078704, 116.3201198 40.0078843, 116.3201254 40.0077814, 116.3196896 40.0077676, 116.3196908 40.0077448, 116.3193133 40.0077328, 116.3193075 40.0078399))",,,yes,"[975773450, 9754024855, 9754024854, 975773452, 975773453, 9754024856, 9754024857, 975773454, 975773450]",,,dormitory,,,26号楼,26號樓,,no,,,,,,,,,,,,,,,,,,,,,,,,,,,,,,,,,,,,,,,,,
way,83811714,,27号楼,Building 27,27号楼,清华大学,,"POLYGON ((116.3185935 40.0078076, 116.3191934 40.0078245, 116.3191979 40.0077311, 116.318598 40.0077142, 116.3185935 40.0078076))",,,yes,"[975773459, 975773463, 975773465, 975773466, 975773459]",,,dormitory,,,27号楼,27號樓,,no,,,,,,,,,,,,,,,,,,,,,,,,,,,,,,,,,,,,,,,,,
way,83892406,,建筑管理中心,Property Management Center,建筑管理中心,物业管理中心,,"POLYGON ((116.3200502 40.0042862, 116.320238 40.0042925, 116.3202508 40.004066, 116.320063 40.0040598, 116.3200502 40.0042862))",,,yes,"[976490429, 976490430, 976490431, 976490432, 976490429]",,,yes,,,建筑管理中心,建築管理中心,,no,,,,,,,,,,,,,,,,,,,,,,,,,,,,,,,,,,,,,,,,,
way,83892621,,14号楼西,"Building 14, West Wing",14号楼西,,,"POLYGON ((116.3202581 40.0056893, 116.3203453 40.005817, 116.3204066 40.005857, 116.3205689 40.005864, 116.3205654 40.0059629, 116.3203868 40.0059536, 116.3203293 40.0059799, 116.3202144 40.006104, 116.3200803 40.0060341, 116.3201905 40.0059102, 116.320202 40.0058553, 116.3201268 40.0057375, 116.3202581 40.0056893))",,,,"[976492069, 976492070, 976492071, 976492072, 976492073, 976492074, 976492075, 976492076, 976492077, 976492078, 976492079, 976492080, 976492069]",,,dormitory,,,14号楼西,14號樓西,,,,,,,,,,,,,,,,,,,,,,,,,,,,,,,,,,,,,,,,,,,
way,83892622,,14号楼东,"Building 14, East Wing",14号楼东,,,"POLYGON ((116.3206286 40.0059624, 116.3206338 40.0058662, 116.3208165 40.0058688, 116.320899 40.0058235, 116.320983 40.0057344, 116.3210952 40.0058007, 116.321 40.0058964, 116.3209893 40.0059621, 116.3210751 40.0060854, 116.3209464 40.0061429, 116.3208575 40.0060053, 116.32081 40.0059692, 116.3206286 40.0059624))",,,,"[976492081, 976492082, 976492083, 976492084, 976492085, 976492086, 976492087, 976492088, 976492089, 976492090, 976492091, 976492092, 976492081]",,,dormitory,,,14号楼东,14號樓東,,,,,,,,,,,,,,,,,,,,,,,,,,,,,,,,,,,,,,,,,,,
way,83892638,,食品加工中心,,食品加工中心,清华大学,,"POLYGON ((116.3205655 40.0074928, 116.3210483 40.0075093, 116.3210377 40.0076901, 116.320555 40.0076736, 116.3205655 40.0074928))",,,yes,"[976492289, 976492290, 976492291, 976492292, 976492289]",,,university,,,食品加工中心,食品加工中心,,no,,,,,,,,,,,,,,,,,,,,,,,,,,,,,,,,,,,,,,,,,
way,83892658,,气膜体育馆,Badminton Gymnasium,气膜体育馆,,,"POLYGON ((116.3248962 40.0110826, 116.3254797 40.0110975, 116.3254684 40.0113564, 116.3248849 40.0113415, 116.3248962 40.0110826))",,private,,"[976493389, 976493390, 976493392, 976493394, 976493389]",,,yes,,,气膜体育馆,氣膜體育館,,,,,,北京市海淀区,,,,,sports_centre,,table_tennis,,,,,,,,,,,,,,,,,,,,,,,,,,,,,,
way,83892807,,汽车研究所,Automobile Research Institute,汽车研究所,清华大学,zh:清华大学,"POLYGON ((116.3280227 40.007034, 116.3286334 40.0070364, 116.3286326 40.0071599, 116.3287293 40.0071602, 116.3287261 40.0076737, 116.3280517 40.0076713, 116.328052 40.0076264, 116.328002 40.0076262, 116.3280026 40.0075314, 116.3285772 40.0075336, 116.3285778 40.0074336, 116.3280089 40.0074314, 116.3280098 40.0073061, 116.3285758 40.0073083, 116.3285768 40.0071662, 116.3280219 40.0071641, 116.3280227 40.007034))",,,yes,"[976494499, 976494500, 4481447339, 4481447340, 976494504, 976494506, 983351333, 983351381, 10940884114, 10940884115, 10940884116, 10940884113, 4481447345, 4481447346, 4481447342, 4481447341, 976494499]",,,yes,,,汽车研究所,汽車研究所,,no,,,,,,,,,,,,,,,,,,,,,,,,,,,,automotive_engineering,engineering,,,,,,,,,,,,
way,83990425,,旧水利馆,Old Civil Engineering Building,旧水利馆,清华大学,,"POLYGON ((116.3192396 40.0005684, 116.3198579 40.0006004, 116.3198749 40.0004076, 116.3192566 40.0003756, 116.3192396 40.0005684))",,,yes,"[977305213, 977305214, 977305215, 977305216, 977305213]",,,yes,,,旧水利馆,舊水利館,,no,,,,,,,,,,,,,,,,,,,,,,,,,,,,,,,,,,,,,,,,,
way,83990426,,旧土木馆,Old Civil Engineering Building,旧土木馆,清华大学,,"POLYGON ((116.3187398 40.0002316, 116.3189679 40.0002394, 116.3189649 40.0002909, 116.3193 40.0003024, 116.3193019 40.0002694, 116.3195087 40.0002765, 116.3195159 40.0001534, 116.3193144 40.0001464, 116.3193174 40.0000947, 116.3189708 40.0000828, 116.3189676 40.0001385, 116.3187457 40.0001309, 116.3187398 40.0002316))",,,yes,"[977305218, 977305219, 977305220, 977305221, 977305222, 977305223, 977305224, 977305225, 977305226, 977305228, 977305229, 977305230, 977305218]",,,yes,,,旧土木馆,舊土木館,,no,,,,,,,,,,,,,,,,,,,,,,,,,,,,,,,,,,,,,,,,,
way,84100756,,16号楼,Building 16,16号楼,清华大学,,"POLYGON ((116.3214904 40.0064581, 116.3220293 40.0064719, 116.3220341 40.0063612, 116.3220122 40.0063609, 116.3219558 40.006359, 116.3214952 40.0063474, 116.3214904 40.0064581))",,,yes,"[978511554, 978511557, 978511560, 983940689, 983940684, 978511562, 978511554]",,,dormitory,,,16号楼,16號樓,,no,,,,,,,,,,,,,,,,,,,,,,,,,,,,,,,,,,,,,,,,,
way,84100851,,未来新媒体实验室,,未来新媒体实验室,清华大学,,"POLYGON ((116.3230827 40.0056046, 116.3235621 40.0056218, 116.3235488 40.0058405, 116.3230693 40.0058233, 116.3230827 40.0056046))",,,yes,"[978514780, 978514784, 978514787, 978514791, 978514780]",,,university,,,未来新媒体实验室,未來新媒體實驗室,,no,,,,,,,,,,,,,,,,,,,,,,,,,,,,,,,,,,,,,,,,,
way,84106845,,生物学馆,Biology Building,生物学馆,清华大学,,"POLYGON ((116.3131735 40.002059, 116.313984 40.002103, 116.3139987 40.0019437, 116.3136786 40.0019263, 116.3136849 40.0018579, 116.3135156 40.0018487, 116.3135093 40.0019168, 116.3131883 40.0018993, 116.3131735 40.002059))",,,no,"[978594166, 978594168, 978594171, 978594175, 978594188, 978594190, 978594194, 978594197, 978594166]",,,yes,,,生物学馆,生物學館,,no,,,3,,,,,,,,,,,,,,,,,,,,,,,,,,,杨廷宝,,,,,,,,,,,
way,84110336,,4号楼,Building 4,4号楼,清华大学,,"POLYGON ((116.3187449 40.0048975, 116.3192831 40.004919, 116.3192637 40.0052048, 116.319053 40.0051964, 116.319064 40.0050332, 116.3189469 40.0050285, 116.3187366 40.0050201, 116.3187449 40.0048975))",,,yes,"[978608499, 978608503, 978608506, 978608509, 978608512, 9882514426, 978608513, 978608499]",,,dormitory,,,4号楼,4號樓,,no,,,,,,,,,,,,,,,,,,,,,,,,,,,,,,,,,,,,,,,,,
way,84112040,,3号楼,Building 3,3号楼,清华大学,,"POLYGON ((116.3179342 40.0051355, 116.3181379 40.0051451, 116.3181501 40.0049939, 116.3184942 40.0050101, 116.3185042 40.0048865, 116.3179563 40.0048606, 116.3179342 40.0051355))",,,yes,"[978612742, 978612746, 978612751, 978612755, 978612760, 978612762, 978612742]",,,dormitory,,,3号楼,3號樓,,no,,,,,,,,,,,,,,,,,,,,,,,,,,,,,,,,,,,,,,,,,
way,84112055,,2号楼,Building 2,2号楼,清华大学,,"POLYGON ((116.3178786 40.0057849, 116.3180807 40.0057928, 116.3180893 40.0056616, 116.3185554 40.0056796, 116.3190304 40.005698, 116.3190208 40.0058444, 116.3192187 40.0058521, 116.3192468 40.0054253, 116.3190452 40.0054175, 116.3190351 40.0055713, 116.3185657 40.0055532, 116.3180994 40.0055352, 116.31811 40.0053755, 116.3179061 40.0053676, 116.3178786 40.0057849))",,,yes,"[978612772, 978612773, 978612775, 9004119538, 978612777, 978612779, 978612787, 978612789, 978612793, 978612797, 9004119537, 978612800, 978612803, 978612804, 978612772]",,,dormitory,,,2号楼,2號樓,,no,,,,,,,,,,,,,,,,,,,,,,,,,,,,,,,,,,,,,,,,,
way,84112067,,1号楼,Building 1,1号楼,清华大学,,"POLYGON ((116.3178587 40.006008, 116.3180622 40.0060181, 116.3180468 40.0062002, 116.3189885 40.006247, 116.3190032 40.0060743, 116.3191918 40.0060837, 116.3191615 40.0064412, 116.3189793 40.0064322, 116.3189851 40.0063637, 116.3180299 40.0063161, 116.3180244 40.0063809, 116.3178279 40.0063711, 116.3178587 40.006008))",,,yes,"[978612813, 978612815, 978612818, 978612820, 978612823, 978612827, 978612830, 978612831, 978612833, 978612845, 978612849, 978612853, 978612813]",,,dormitory,,,1号楼,1號樓,,no,,,,,,,,,,,,,,,,,,,,,,,,,,,,,,,,,,,,,,,,,
way,84273994,,静斋,Jing Zhai,静斋,清华大学,,"POLYGON ((116.3152618 39.9999188, 116.3154813 39.9999361, 116.3154721 40.0000045, 116.3154324 40.0000014, 116.3153807 40.0003861, 116.3152471 40.0003756, 116.315299 39.9999896, 116.3152528 39.999986, 116.3152618 39.9999188))",,,yes,"[980098221, 980098224, 980098226, 980098228, 980098232, 980098240, 980098241, 980098243, 980098221]",,,yes,,,静斋,靜齋,,no,,,,,,,,,,,,,,,,,,,,,,,,,,,,,,,,,,,,,,,,,
way,84273995,,熙春园餐厅,,熙春园餐厅,清华大学,,"POLYGON ((116.3152089 40.0004275, 116.3153513 40.0004395, 116.3152857 40.0008954, 116.3151433 40.0008834, 116.3152089 40.0004275))",,,yes,"[980098251, 980098253, 980098254, 980098255, 980098251]",,,yes,,,熙春园餐厅,熙春園餐廳,,no,,,,,,,,,,,,,,,,,,,,,,,,,,,,,,,,,,,,,,,,,
way,84273996,,强斋,Qiang Zhai,强斋,清华大学,,"POLYGON ((116.3151187 40.0011511, 116.315274 40.0011585, 116.3152926 40.0009304, 116.3151373 40.000923, 116.3151187 40.0011511))",,,yes,"[980098256, 980098258, 980098259, 980098260, 980098256]",,,yes,,,强斋,強齋,,no,,,,,,,,,,,,,,,,,,,,,,,,,,,,,,,,,,,,,,,,,
way,84273997,,荷园教工餐厅,,荷园教工餐厅,清华大学,,"POLYGON ((116.3151394 40.0016111, 116.3151154 40.0019156, 116.3148683 40.0019041, 116.3148734 40.0018387, 116.3147011 40.0018307, 116.31472 40.0015917, 116.3151394 40.0016111))",,,yes,"[980098263, 980098266, 980098268, 980098272, 980098279, 980098285, 980098263]",,,yes,,,荷园教工餐厅,荷園教工餐廳,,no,,,,,,,,,,,,,,,,,,,,,,,,,,,,,,,,,,,,,,,,,
way,84274080,,荷二楼,He'er Building,荷二楼,清华大学,,"POLYGON ((116.3142873 40.0019684, 116.3148882 40.0020001, 116.3148784 40.0021094, 116.3142774 40.0020777, 116.3142873 40.0019684))",,,yes,"[980105840, 980105843, 980105846, 980105849, 980105840]",,,office,,,荷二楼,荷二樓,,no,,,,,,,,,,,,,,,,,,,,,,,,,,,,,,,,,,,,,,,,,
way,84644273,,紫荆学生公寓17号楼,Zijing Student Dormitory No. 17,,清华大学,,"POLYGON ((116.3238732 40.0115057, 116.3239441 40.0115077, 116.3242985 40.0110967, 116.3243848 40.0111569, 116.3244737 40.0110989, 116.3247418 40.0115498, 116.3248029 40.0115461, 116.3248054 40.0116594, 116.3246312 40.011655, 116.3246343 40.0116027, 116.3244337 40.0112841, 116.324304 40.0112797, 116.3240442 40.0115842, 116.324041 40.0116413, 116.3238597 40.0116353, 116.3238732 40.0115057))",,,yes,"[983304879, 983304894, 983304857, 6951357339, 983304882, 983304843, 983304885, 983304848, 983304874, 6951357338, 983304895, 983304850, 6951357337, 983304878, 983304901, 983304879]",,,dormitory,,,紫荆学生公寓17号楼,紫荊學生公寓17號樓,,no,,,,,,,,,,,,,,,,,,,,,,,,,,,,,,,,,,,,,,,,,
way,84644276,,紫荆学生公寓16号楼,Zijing Student Dormitory No. 16,紫荆学生公寓16号楼,清华大学,,"POLYGON ((116.3228968 40.0114581, 116.322965 40.011456, 116.323314 40.0110615, 116.3234112 40.0111384, 116.323508 40.0110718, 116.3237895 40.0114981, 116.3238732 40.0115057, 116.3238597 40.0116353, 116.3236521 40.0116259, 116.3236606 40.0115781, 116.3234492 40.0112304, 116.3233624 40.0112239, 116.3230786 40.0115514, 116.3230726 40.0115999, 116.3228833 40.0115898, 116.3228968 40.0114581))",,,yes,"[930107249, 983304877, 983304900, 6951357340, 983304867, 983304884, 983304879, 983304901, 983304888, 6951357336, 983304849, 983304875, 6951357335, 983304899, 930107252, 930107249]",,,dormitory,,,紫荆学生公寓16号楼,紫荊學生公寓16號樓,,no,,,,,,,,,,,,,,,,,,,,,,,,,,,,,,,,,,,,,,,,,
way,84644281,,紫荆学生公寓14号楼,Zijing Student Dormitory No. 14,紫荆学生公寓14号楼,清华大学,,"POLYGON ((116.3209483 40.0113425, 116.3210007 40.0113445, 116.3213204 40.0109644, 116.3214317 40.0110193, 116.3215439 40.0109748, 116.3218254 40.0113928, 116.3219018 40.0114053, 116.3218999 40.0115352, 116.3216745 40.0115288, 116.3216785 40.0114712, 116.321469 40.0111601, 116.3213822 40.0111536, 116.3211635 40.011426, 116.321162 40.0114945, 116.320943 40.0114863, 116.3209483 40.0113425))",,,yes,"[983304869, 983304889, 983304853, 6951357345, 983304871, 983304891, 930107236, 930107261, 983304898, 6951357344, 983304865, 983304883, 6951357346, 983304847, 983304868, 983304869]",,,dormitory,,,紫荆学生公寓14号楼,紫荊學生公寓14號樓,,no,,,,,,,,,,,,,,,,,,,,,,,,,,,,,,,,,,,,,,,,,
way,84652038,,17号楼,Building 17,17号楼,清华大学,,"POLYGON ((116.3218949 40.0062508, 116.321962 40.0062538, 116.3220184 40.0062558, 116.322457 40.0062745, 116.3224655 40.0061566, 116.322421 40.0061549, 116.3223592 40.0061519, 116.3219033 40.0061328, 116.3218949 40.0062508))",,,yes,"[983351328, 983940679, 983940687, 983351359, 983351378, 6956583353, 6956583356, 983351331, 983351328]",,,dormitory,,,17号楼,17號樓,,no,,,,,,,,,,,,,,,,,,,,,,,,,,,,,,,,,,,,,,,,,
way,84652150,restaurant,闻馨园餐厅,Wenxinyuan Canteen,闻馨园餐厅,,,"POLYGON ((116.3228665 40.0057961, 116.3223176 40.0057782, 116.3223374 40.0054224, 116.3228863 40.0054403, 116.3228665 40.0057961))",,,yes,"[983354444, 983354482, 983354469, 983354451, 983354444]",yes,,yes,,,闻馨园餐厅,聞馨園餐廳,,no,yes,,,,,,,,,,,,,,,,,,,,,,,,,,,,,,yes,,,,,,,,,,
way,84653292,,东配楼,,东配楼,清华大学,,"POLYGON ((116.3279297 39.9997649, 116.3277815 39.9997606, 116.3277568 39.9997599, 116.3277687 39.9995186, 116.3279666 39.9995243, 116.3279645 39.9995656, 116.3286252 39.9995847, 116.3286271 39.9995463, 116.3288289 39.9995522, 116.3288164 39.9998059, 116.3286171 39.9998001, 116.328621 39.9997203, 116.3279413 39.9997006, 116.3279381 39.9997651, 116.3279297 39.9997649))",,,yes,"[937453446, 937453427, 937453428, 937453430, 937453431, 937453434, 937453437, 937453438, 937453439, 937453440, 937453441, 937453442, 937453443, 937453444, 937453446]",,,university,,,东配楼,東配樓,,no,,,,,,,,,,,,,,,,,,,,,,,,,,,,,,,,,,,,,,,,,
way,84653293,,经济管理学院,School of Economics and Management,经济管理学院,,,"POLYGON ((116.3242134 39.9979207, 116.3241918 39.9985655, 116.3250335 39.998582, 116.3250355 39.9984895, 116.3250701 39.9984629, 116.3250835 39.9983992, 116.3250527 39.9983314, 116.3249749 39.9982985, 116.3248609 39.9983098, 116.3247952 39.9983561, 116.324767 39.9983961, 116.3247703 39.9984362, 116.3246099 39.9984342, 116.3245726 39.9983283, 116.3244948 39.9982338, 116.3244602 39.9981468, 116.3244563 39.9980839, 116.3255986 39.9981064, 116.325588 39.9984224, 116.3252737 39.9984163, 116.3252689 39.9985573, 116.3259568 39.9985708, 116.3259707 39.9981575, 116.3259774 39.9979554, 116.3242134 39.9979207))",,,,"[975702263, 975702258, 983373890, 975702260, 6959725298, 6959725297, 6959725299, 6959725300, 6959725301, 6959725302, 6959725303, 983373902, 983373895, 7631857829, 7631857828, 975702261, 975702262, 4481648168, 4481648171, 4481648170, 4481648172, 4481648173, 4481648169, 4481648167, 975702263]",,,university,,,经济管理学院,經濟管理學院,,,,,6,,,,,,,,,,,,,,,,,,,,,,,,,,,,,伟伦楼与舜德楼,Q7849734,en:Tsinghua University School of Economics and Management,,,,,,,
way,84653294,,东主楼,East Main Building,东主楼,清华大学,,"POLYGON ((116.3279167 40.0000265, 116.32791 40.0001637, 116.3274607 40.0001507, 116.3274482 40.0004036, 116.3274366 40.0006377, 116.3274209 40.000955, 116.3278672 40.0009679, 116.3278605 40.0011025, 116.3273953 40.001089, 116.3273972 40.0010507, 116.3272485 40.0010464, 116.3272532 40.0009519, 116.3272007 40.0009503, 116.3272198 40.0005632, 116.3272234 40.0004906, 116.3272473 40.0000071, 116.3277686 40.0000222, 116.3279167 40.0000265))",,,yes,"[983373910, 930124016, 930124018, 7631857839, 7631857846, 930124023, 930124027, 930124008, 930124010, 930124011, 930124013, 983373900, 983373892, 930126601, 930126604, 930124015, 937453426, 983373910]",,,university,,,东主楼,東主樓,,no,,,,,,,,,,,,,,,,,,,,,,,,,,,,,,,,,,,,,,,,,
way,84720750,,,,,清华大学,,"POLYGON ((116.3219558 40.006359, 116.3220122 40.0063609, 116.3220184 40.0062558, 116.321962 40.0062538, 116.3219558 40.006359))",,,yes,"[983940684, 983940689, 983940687, 983940679, 983940684]",,,yes,,,,,,no,,,,,,,,,,,,,1,,,,,,,,,,,,,,,,,,,,,,,,,,,,
way,84720894,,能科楼,,能科楼,清华大学,,"POLYGON ((116.3227749 39.9963948, 116.3234824 39.9964184, 116.3234901 39.9962836, 116.3227826 39.99626, 116.3227749 39.9963948))",,,yes,"[983942272, 983942262, 983942267, 983942276, 983942272]",,,yes,,,能科楼,能科樓,,no,,,,,,,,,,,,,,,,,,,,,,,,,,,,,,,,,,,,,,,,,
way,84727245,,邮局,Post Office,邮局,,,"POLYGON ((116.3180171 39.9981298, 116.3185944 39.9981128, 116.3185883 39.9979917, 116.318011 39.9980088, 116.3180171 39.9981298))",,,,"[984042449, 984042513, 984042475, 984042460, 984042449]",,,yes,,,邮局,郵局,,,,,,,,,,,,,,,,,,,,,,,,,,,,,,,,,,,,,,,,,,,
way,84727246,,文北楼,Wenbei Bldg,文北楼,,,"POLYGON ((116.3204854 40.0026791, 116.3206314 40.0026852, 116.3206232 40.002801, 116.3208531 40.0028106, 116.3208763 40.0024826, 116.3206392 40.0024728, 116.3206288 40.0026199, 116.32049 40.0026141, 116.3204854 40.0026791))",,,,"[984042517, 984042529, 984042498, 984042507, 984042481, 984042457, 984042426, 984042496, 984042517]",,,yes,,,文北楼,文北樓,,,,,,,,,,,,,,,,,,,,,,,,,,,,,,,,,,,,,,,,,,,
way,84832395,,东区体育馆,East Gymnasium,东区体育馆,,,"POLYGON ((116.3254259 40.0036175, 116.3253543 40.0052171, 116.3251089 40.0052107, 116.3251806 40.003611, 116.3254259 40.0036175))",,,,"[371156350, 371156351, 984968144, 984968141, 371156350]",,,yes,,,东区体育馆,東區體育館,,,,,,,,,,,track,,multi,,,,,,,,,,,,,,,,,,,,,,,,,,,,,,
way,85379553,,文西楼（新闻与传播学院）,Wenxi Bldg,文西楼（新闻与传播学院）,新闻与传播学院,,"POLYGON ((116.3197867 40.0019689, 116.3200178 40.0019814, 116.3200679 40.0014385, 116.3198367 40.001426, 116.3197867 40.0019689))",,,,"[989838601, 989838621, 989838593, 989838605, 989838601]",,,yes,,,文西楼（新闻与传播学院）,文西樓（新聞與傳播學院）,,,,,,,,,,,,,,,,,,,,,,,,,,,,,,,,,,,,,,,,,,,
way,85379557,,新水利馆,New Hydraulic Engineering Building,新水利馆,,,"POLYGON ((116.3187815 40.0019742, 116.3190331 40.0019861, 116.3190027 40.0023628, 116.3197684 40.002399, 116.3197976 40.0020371, 116.3200451 40.0020489, 116.3199972 40.0026427, 116.3187324 40.0025828, 116.3187815 40.0019742))",,,,"[989838612, 989838598, 989838606, 989838611, 989838624, 989838632, 989838599, 989838608, 989838612]",,,university,,,新水利馆,新水利館,,,,,,,,,,,,,,,,,,,,,,,,,,,,,,,,,,,,,,,,,,,
way,85480382,,,,,清华大学,,"POLYGON ((116.3137558 40.0047167, 116.3139528 40.0047285, 116.313957 40.0046789, 116.3137599 40.004667, 116.3137558 40.0047167))",,,yes,"[991177364, 991177370, 991177365, 991177384, 991177364]",,,yes,,,,,,no,,,,,,,,,,,,,,,,,,,,,,,,,,,,,,,,,,,,,,,,,
way,85480383,,化学馆新馆,New Chemistry Building,化学馆新馆,化学系,,"POLYGON ((116.3139092 40.0051697, 116.3143379 40.0051833, 116.3143768 40.0047246, 116.3142883 40.0046541, 116.3139552 40.0046432, 116.313957 40.0046789, 116.3139528 40.0047285, 116.3139446 40.0048739, 116.3142103 40.004882, 116.3141962 40.0050177, 116.3139233 40.0050069, 116.3139092 40.0051697))",,,yes,"[991177382, 991177374, 991177376, 991177379, 991177369, 991177365, 991177370, 991177373, 991177378, 991177383, 991177372, 991177382]",,,yes,,,化学馆新馆,化學館新館,,no,,,,,,,,,,,,,,,,,,,,,,,,,,,,,,,,,,,,,,,,,
way,85553379,,微电子所,Institute of Microelectronics,微电子所,微电子学研究所,,"POLYGON ((116.324713 39.9972391, 116.3246871 39.9976051, 116.3240238 39.9975775, 116.3240264 39.9975413, 116.3237903 39.9975315, 116.3238111 39.9972384, 116.3240401 39.9972479, 116.3240427 39.9972113, 116.324713 39.9972391))",,,,"[992548467, 992548482, 7631857824, 7631857827, 992548474, 992548477, 7631857826, 7631857825, 992548467]",,,yes,,,微电子所,微電子所,,,,,,,,,,,,,,,,,,,,,,,,,,,,,,,,,,,,,,,,,,,
way,85553747,,,,,,,"POLYGON ((116.3245626 39.9971238, 116.3247865 39.9971319, 116.3247797 39.9972424, 116.325044 39.9972519, 116.3250545 39.9970817, 116.3250768 39.9970825, 116.3250855 39.9969421, 116.3245749 39.9969237, 116.3245626 39.9971238))",,,,"[992562851, 992562830, 992562861, 992562848, 992562846, 992562844, 992562832, 992562828, 992562851]",,,yes,,,,,,,,,,,,,,,,,,,,,,,,,,,,,,,,,,,,,,,,,,,,,,,
way,85632228,,19号楼,Building 19,19号楼,清华大学,,"POLYGON ((116.318257 40.0067312, 116.3182612 40.0066145, 116.3185385 40.0066203, 116.3185338 40.0067492, 116.3184927 40.0067483, 116.3184922 40.0067611, 116.318288 40.0067568, 116.3182889 40.0067319, 116.318257 40.0067312))",,,yes,"[993399385, 993399364, 993399356, 7631857864, 7631857865, 993399383, 993399326, 993399373, 993399385]",,,dormitory,,,19号楼,19號樓,,no,,,,,,,,,,,,,,,,,,,,,,,,,,,,,,,,,,,,,,,,,
way,85632230,,29号楼,Building 29,29号楼,清华大学,,"POLYGON ((116.3178683 40.0078481, 116.3178796 40.0077269, 116.3179957 40.0077333, 116.3180084 40.0075971, 116.3181724 40.0076061, 116.3181506 40.0078387, 116.3180899 40.0078354, 116.3180876 40.0078602, 116.3178683 40.0078481))",,,yes,"[993399371, 993399337, 993399390, 7631857866, 993399335, 7631857807, 7631857808, 993399381, 993399371]",,,dormitory,,,29号楼,29號樓,,no,,,,,,,,,,,,,,,,,,,,,,,,,,,,,,,,,,,,,,,,,
way,85632231,,20号楼,Building 20,20号楼,清华大学,,"POLYGON ((116.3178645 40.0067272, 116.31787 40.0066058, 116.3181614 40.0066136, 116.3181561 40.0067304, 116.318107 40.0067291, 116.3181058 40.006755, 116.3179108 40.0067498, 116.3179117 40.0067285, 116.3178645 40.0067272))",,,yes,"[993399354, 993399363, 993399353, 993399365, 993399370, 993399334, 993399387, 993399344, 993399354]",,,dormitory,,,20号楼,20號樓,,no,,,,,,,,,,,,,,,,,,,,,,,,,,,,,,,,,,,,,,,,,
way,85632232,,22号楼,Building 22,22号楼,清华大学,,"POLYGON ((116.3179144 40.0074443, 116.3179266 40.007321, 116.3182062 40.0073372, 116.3181933 40.007468, 116.3181425 40.007465, 116.3181403 40.0074876, 116.3179572 40.007477, 116.3179602 40.0074469, 116.3179144 40.0074443))",,,yes,"[993399379, 993399350, 993399360, 993399332, 993399341, 993399358, 993399378, 993399388, 993399379]",,,dormitory,,,22号楼,22號樓,,no,,,,,,,,,,,,,,,,,,,,,,,,,,,,,,,,,,,,,,,,,
way,85632233,,21号楼,Building 21,21号楼,清华大学,,"POLYGON ((116.317889 40.0070903, 116.3178994 40.0069641, 116.3181732 40.0069773, 116.3181628 40.0071039, 116.3181208 40.0071018, 116.3181189 40.0071248, 116.3179232 40.0071154, 116.3179251 40.007092, 116.317889 40.0070903))",,,yes,"[993399351, 993399389, 993399333, 993399380, 993399342, 993399355, 993399329, 993399338, 993399351]",,,dormitory,,,21号楼,21號樓,,no,,,,,,,,,,,,,,,,,,,,,,,,,,,,,,,,,,,,,,,,,
way,155287911,,电子工程馆,Tsinghua-Rom Electronic Engineering Bldg,电子工程馆,清华大学,,"POLYGON ((116.3302274 40.0039733, 116.3301452 40.0039178, 116.3300151 40.0038919, 116.3294631 40.0038681, 116.3294556 40.00404, 116.3298876 40.0040513, 116.3299035 40.0041181, 116.3299623 40.0041757, 116.3300378 40.0041993, 116.3300217 40.0045198, 116.3302427 40.0045267, 116.3302587 40.0042001, 116.3302611 40.0040624, 116.3302274 40.0039733))",,,yes,"[1676889805, 1703822156, 1676889803, 1676889798, 1676889800, 1676889801, 1703822160, 1703822139, 1676889796, 1676889804, 1676889799, 1676889802, 1703822158, 1676889805]",,,yes,,,电子工程馆,電子工程館,,no,,,,,,,,,,,,,,,,,,,,,,,,,,,,,,,,,,,,,,,,,
way,158112141,theatre,新清华学堂,New Tsinghua Auditorium,新清华学堂,清华大学,,"POLYGON ((116.3231917 40.0006258, 116.3230603 40.0005786, 116.3229583 40.0005005, 116.3229047 40.0004204, 116.322894 40.0003218, 116.3229182 40.0002169, 116.3229933 40.0001163, 116.3230952 40.0000567, 116.3232292 40.0000259, 116.3233741 40.0000321, 116.3233741 39.9999807, 116.3237791 39.9999972, 116.3237711 40.0001101, 116.3238998 40.0001143, 116.3238653 40.0007012, 116.3233308 40.0006753, 116.3233311 40.0006341, 116.3231917 40.0006258))",,,yes,"[1703721211, 1703721222, 1703721201, 1703721228, 1703721217, 1703721207, 1703721206, 1703721214, 1703721204, 1703721223, 1703721208, 1703721225, 1703721224, 1703721227, 1703721209, 1703721216, 1703721219, 1703721211]",yes,,yes,,,新清华学堂,新清華學堂,,,,,,,,,,,,,,,,,,,,,,,,,,,,,,,,,,,,,,,,,,,
way,158134858,,环境节能楼（环境工程系）,School of Environment,环境节能楼（环境工程系）,清华大学,,"POLYGON ((116.3283859 39.9970712, 116.32904 39.9970816, 116.3290537 39.996575, 116.3288575 39.9965719, 116.3288477 39.9969345, 116.328589 39.9969304, 116.3285981 39.9965962, 116.3283988 39.996593, 116.3283859 39.9970712))",,,yes,"[1703822113, 1703822182, 1703822153, 1703822112, 1703822129, 1703822161, 1703822142, 1703822141, 1703822113]",,,yes,,,环境节能楼（环境工程系）,環境節能樓（環境工程系）,,no,,,,,,,,,,,,,,,,,,,,,,,,,,,,,,,,,,,,,,,,,
way,219072643,,24号楼,Building 24,24号楼,清华大学,,"POLYGON ((116.3199013 40.0072303, 116.3199108 40.0071122, 116.3204421 40.0071372, 116.3204326 40.0072554, 116.3199013 40.0072303))",,,yes,"[2282802947, 2282802938, 2282802945, 2282802949, 2282802947]",,,dormitory,,,24号楼,24號樓,,no,,,,,,,,,,,,,,,,,,,,,,,,,,,,,,,,,,,,,,,,,
way,219072644,,25号楼,Building 25,25号楼,清华大学,,"POLYGON ((116.319885 40.0075639, 116.3198933 40.0074448, 116.3204251 40.0074665, 116.3204168 40.0075856, 116.319885 40.0075639))",,,yes,"[2282802964, 2282802956, 2282802958, 2282802966, 2282802964]",,,dormitory,,,25号楼,25號樓,,no,,,,,,,,,,,,,,,,,,,,,,,,,,,,,,,,,,,,,,,,,
way,219072645,,28号楼,Building 28,28号楼,清华大学,,"POLYGON ((116.3186867 40.0074524, 116.318692 40.0073359, 116.3192379 40.0073503, 116.3192489 40.0071072, 116.3187809 40.0070949, 116.3187868 40.0069641, 116.3193038 40.0069777, 116.3193946 40.0070973, 116.3193779 40.0074706, 116.3186867 40.0074524))",,,yes,"[2282802960, 2282802951, 2282802954, 2282802943, 2282802941, 2282802929, 2282802932, 2282802936, 2282802962, 2282802960]",,,dormitory,,,28号楼,28號樓,,no,,,,,,,,,,,,,,,,,,,,,,,,,,,,,,,,,,,,,,,,,
way,226623363,,,,,,,"POLYGON ((116.3145596 40.0038837, 116.314592 40.0035659, 116.3146591 40.0035699, 116.3146638 40.0035231, 116.3150302 40.003545, 116.3150999 40.0035492, 116.3152951 40.0035608, 116.3153071 40.0034436, 116.3153084 40.0034308, 116.3155123 40.003443, 116.3154926 40.0036357, 116.3155451 40.0036388, 116.3155174 40.0039104, 116.3154705 40.0039076, 116.3154532 40.0040774, 116.3152458 40.004065, 116.3152559 40.0039652, 116.3149612 40.0039476, 116.3149652 40.003908, 116.3145596 40.0038837))",,,,"[2353992044, 2353992047, 4727259224, 4727259225, 4727259223, 9997935304, 2353992049, 9997966919, 4481615186, 4481615187, 4727259222, 4481615491, 4481615495, 4727259227, 4481615498, 4481615497, 2353992051, 4727259228, 4727259229, 2353992044]",,,yes,,,,,,,,,,,,,,,,,,,,,,,,,,,,,,,,,,,,,,,,,,,,,,,
way,226623627,,13号楼,Buidling 13,13号楼,清华大学,,"POLYGON ((116.3199321 40.0064711, 116.3199493 40.0062409, 116.3201468 40.0062495, 116.3201403 40.0063366, 116.3207179 40.0063619, 116.3207246 40.0062722, 116.3209059 40.0062801, 116.3208885 40.0065131, 116.3199321 40.0064711))",,,yes,"[2353996303, 2353996304, 2353996305, 2353996306, 2353996307, 2353996308, 2353996309, 2353996310, 2353996303]",,,dormitory,,,13号楼,13號樓,,no,,,,,,,,,,,,,,,,,,,,,,,,,,,,,,,,,,,,,,,,,
way,226623631,,23号楼,Building 23,23号楼,清华大学,,"POLYGON ((116.3193547 40.0068543, 116.319363 40.006736, 116.3197902 40.0067534, 116.3197888 40.0067736, 116.3202201 40.0067912, 116.3202119 40.0069085, 116.3197781 40.0068908, 116.3197795 40.0068716, 116.3193547 40.0068543))",,,yes,"[2353996690, 2353996692, 9754024853, 9754024852, 2353996694, 2353996695, 9754024850, 9754024851, 2353996690]",,,dormitory,,,23号楼,23號樓,,no,,,,,,,,,,,,,,,,,,,,,,,,,,,,,,,,,,,,,,,,,
way,226625357,,太平间,,太平间,,,"POLYGON ((116.3113427 40.0023492, 116.3113506 40.0022372, 116.311452 40.0022414, 116.3114546 40.0022051, 116.3115469 40.0022089, 116.3115444 40.0022445, 116.3116338 40.0022482, 116.3116259 40.0023608, 116.3113427 40.0023492))",,,,"[2354027025, 2354027027, 2354027028, 2354027029, 2354027031, 2354027032, 2354027034, 2354027036, 2354027025]",,,yes,,,太平间,太平間,,,,,,,,,,,,,,,,,,,,,,,,,,,,,,,,,,,,,,,,,,,
way,226625358,,近春园西楼,,近春园西楼,,,"POLYGON ((116.3105792 40.0006706, 116.3106131 40.0003774, 116.3110912 40.0004098, 116.3110574 40.000703, 116.3105792 40.0006706))",,,,"[2354027037, 2354027039, 2354027040, 2354027042, 2354027037]",,,yes,,,近春园西楼,近春園西樓,,,,,,,,,,,,,,,,,,,,,,,,,,,,,,,,,,,,,,,,,,,
way,226625472,restaurant,寓园教工食堂,,寓园教工食堂,,,"POLYGON ((116.3127975 39.9971954, 116.3128379 39.9968233, 116.3133016 39.9968529, 116.3132612 39.997225, 116.3127975 39.9971954))",,,yes,"[2354031408, 2354031409, 2354031411, 2354031412, 2354031408]",yes,,yes,,cafeteria,寓园教工食堂,寓園教工食堂,,no,,,,,,,,,,,,,,,,,,,,,,,,,,,,,,,,,,,,,,,,,
way,226629272,restaurant,南园教工食堂,,南园教工食堂,,,"POLYGON ((116.3208984 39.9947203, 116.3209285 39.9943926, 116.3212706 39.994411, 116.3212405 39.9947388, 116.3208984 39.9947203))",,,yes,"[2354049064, 2354049065, 2354049066, 2354049067, 2354049064]",yes,,yes,chinese,cafeteria,南园教工食堂,南園教工食堂,,no,,,,,,,,,,,,,,,,,,,,,,,,,,,,,,,,,,,,,,,,,
way,226632802,,熊知行楼,,熊知行楼,清华大学,,"POLYGON ((116.3169608 39.9961357, 116.3169814 39.9958994, 116.3174267 39.9959222, 116.3174421 39.9957447, 116.3177841 39.9957622, 116.3177481 39.9961759, 116.3169608 39.9961357))",,,yes,"[2354058494, 2354058495, 2354058496, 2354058497, 2354058498, 2354058499, 2354058494]",,,yes,,,熊知行楼,熊知行樓,,no,,,,,,,,,,,,,,,,,,,,,,,,,,,,,,,,,,,,,,,,,
way,226633636,,同方部,Tong Fang Bu,同方部,,,"POLYGON ((116.3189481 40.0014476, 116.3189641 40.001305, 116.3192867 40.0013263, 116.3192707 40.0014688, 116.3189481 40.0014476))",,,,"[2354070464, 2354070466, 2354070468, 2354070470, 2354070464]",,,yes,,,同方部,同方部,,,,,,,,,,,,,,,,,,,,,,,,,,,,,,,,,,,,,,,,,,,
way,226666778,,18号楼,Building 18,18号楼,清华大学,,"POLYGON ((116.3222845 40.0060354, 116.3222917 40.0059101, 116.3228204 40.0059281, 116.3228132 40.0060534, 116.3224306 40.0060408, 116.3223688 40.0060378, 116.3222845 40.0060354))",,,yes,"[2354335591, 2354335592, 2354335593, 2354335594, 6956583354, 6956583355, 2354335591]",,,dormitory,,,18号楼,18號樓,,no,,,,,,,,,,,,,,,,,,,,,,,,,,,,,,,,,,,,,,,,,
way,226666792,,校团委,Youth League Committee,校团委,清华大学,,"POLYGON ((116.3208328 40.0035589, 116.3208346 40.0034478, 116.3211953 40.0034512, 116.3211916 40.0036788, 116.3210646 40.0036776, 116.3210665 40.0035611, 116.3208328 40.0035589))",,,yes,"[2354335866, 2354335868, 2354335870, 2354335872, 6956583349, 6956583350, 2354335866]",,,yes,,,校团委,校團委,,no,,,,,,,,,,,,,,,,,,,,,,,,,,,,,,,,,,,,,,,,,
way,226666846,,生命科学馆,Life Sciences Building,生命科学馆,,,"POLYGON ((116.3139318 40.003244, 116.3139479 40.0030714, 116.3140847 40.0030816, 116.314082 40.0031372, 116.3142108 40.0031433, 116.3142215 40.0030385, 116.3141544 40.0030365, 116.3141544 40.0030036, 116.3139828 40.0029954, 116.3139291 40.0030323, 116.3138594 40.0030283, 116.3138057 40.002981, 116.3138352 40.0026482, 116.3139157 40.0026029, 116.3144629 40.0026297, 116.3144521 40.0027529, 116.3140123 40.0027262, 116.3140015 40.00287, 116.3140503 40.002902, 116.3144414 40.0029194, 116.3144092 40.0032666, 116.3139318 40.003244))",,,,"[2354336473, 2354336474, 2354336475, 2354336476, 2354336477, 2354336478, 2354336479, 2354336480, 2354336481, 2354336482, 2354336484, 2354336485, 2354336486, 2354336487, 2354336488, 2354336489, 2354336490, 2354336491, 9756407873, 2354336492, 2354336493, 2354336473]",,,yes,,,生命科学馆,生命科學館,,,,,,,,,,,,,,,,,,,,,,,,,,,,,,,,,,,,,,,,,,,
way,226666911,,工会俱乐部,,工会俱乐部,清华大学,,"POLYGON ((116.3147542 40.0015612, 116.3147631 40.0014059, 116.3151946 40.0014204, 116.3151858 40.0015757, 116.3147542 40.0015612))",,,yes,"[2354336740, 2354336741, 2354336742, 2354336743, 2354336740]",,,yes,,,工会俱乐部,工會俱樂部,,no,,,,,,,,,,,,,,,,,,,,,,,,,,,,,,,,,,,,,,,,,
way,226667023,,平斋,Pingzhai,平斋,,,"POLYGON ((116.3146722 40.0051643, 116.3146791 40.0050958, 116.3149761 40.0051136, 116.3149898 40.00498, 116.3146896 40.004962, 116.3146961 40.0048984, 116.3153734 40.0049389, 116.3153668 40.0050033, 116.3150967 40.0049872, 116.3150834 40.0051178, 116.3153509 40.0051338, 116.3153437 40.0052045, 116.3146722 40.0051643))",,,yes,"[2354337894, 2354337895, 2354337896, 2354337897, 2354337898, 2354337899, 2354337900, 2354337901, 2354337902, 2354337903, 2354337904, 2354337905, 2354337894]",,,yes,,,平斋,平齋,,no,,,2,,,,,,,,,,,,,,,,,,,,,,,,,,,,,,,,,,,,,,
way,226667035,,医学科学楼,Medical Science Building,医学科学楼,,,"POLYGON ((116.311093 40.0042546, 116.3111462 40.0034726, 116.3112927 40.0034809, 116.3113144 40.0031987, 116.3113901 40.0031613, 116.3115143 40.0031685, 116.3115251 40.0030213, 116.3114131 40.003015, 116.3113523 40.0029569, 116.3113618 40.0028532, 116.3119993 40.002876, 116.3120116 40.0027491, 116.312241 40.0027481, 116.3122151 40.0030502, 116.3116894 40.0030255, 116.3116582 40.0034427, 116.3117155 40.0035142, 116.3121338 40.0035308, 116.3121188 40.0036784, 116.3117045 40.0036555, 116.311687 40.0038358, 116.31208 40.0038536, 116.3120677 40.0040043, 116.3116704 40.0039825, 116.3116555 40.0041534, 116.3120489 40.0041742, 116.3120419 40.0043054, 116.311093 40.0042546))",,,,"[2354337954, 2354337955, 2354337956, 2354337957, 2354337958, 2354337959, 2354337960, 2354337961, 2354337962, 2354337963, 2354337964, 2354337965, 2354337966, 2354337967, 2354337968, 2354337969, 2354337970, 2354337971, 2354337972, 2354337973, 2354337974, 2354337975, 2354337976, 2354337977, 2354337978, 2354337979, 2354337980, 2354337954]",,,yes,,,医学科学楼,醫學科學樓,,,,,,,,,,,,,,,1,,,,,,,,,,,,,,,,,,,,,,,,,,,,
way,226667897,,建筑设计中心,Architectural Design Center,建筑设计中心,清华大学,,"POLYGON ((116.328324 39.9978845, 116.3283349 39.9975173, 116.3290173 39.9975292, 116.3290064 39.9978964, 116.328324 39.9978845))",,,yes,"[2354348003, 2354348004, 2354348005, 2354348006, 2354348003]",,,yes,,,建筑设计中心,建築設計中心,,no,,,,,,,,,,,,,,,,,,,,,,,,,,,,,,,,,,,,,,,,,
way,226667976,,公共管理学院,School of Public Policy and Management,公共管理学院,,,"POLYGON ((116.3250934 39.9977304, 116.325124 39.9971011, 116.3253818 39.9971085, 116.3253729 39.9972926, 116.3254276 39.9972941, 116.325406 39.9977394, 116.3250934 39.9977304))",,,,"[2354348353, 2354348354, 2354348355, 2354348358, 2354348359, 2354348360, 2354348353]",,,yes,,,公共管理学院,公共管理學院,,,,,,,,,,,,,,,,,,,,,,,,,,,,,,,,,,,Q56273848,en:School of Public Policy and Management,,,,,,,
way,226668635,,西44楼,,西44楼,清华大学,,"POLYGON ((116.31085 39.9969801, 116.3108399 39.9970887, 116.3102459 39.9970564, 116.310256 39.9969478, 116.31085 39.9969801))",,,yes,"[2354354213, 2354354219, 2354354217, 2354354211, 2354354213]",,,residential,,,西44楼,西44樓,,no,,,,,,,,,,,,,,,,,,,,,,,,,,,,,,,,,,,,,,,,,
way,226668636,,16公寓,,16公寓,清华大学,,"POLYGON ((116.3128097 39.9973335, 116.3128035 39.9974434, 116.3121739 39.9974227, 116.3121801 39.9973127, 116.3128097 39.9973335))",,,yes,"[2354354225, 2354354231, 2354354229, 2354354223, 2354354225]",,,residential,,,16公寓,,,no,,,,,,,,,,,,,,,,,,,,,,,,,,,,,,,,,,,,,,,,,
way,226668637,,19公寓,,19公寓,清华大学,,"POLYGON ((116.3116927 39.9969436, 116.3116857 39.9970369, 116.3110136 39.9970071, 116.3110207 39.9969138, 116.3116927 39.9969436))",,,yes,"[2354354210, 2354354215, 2354354214, 2354354208, 2354354210]",,,residential,,,19公寓,19公寓,,no,,,,,,,,,,,,,,,,,,,,,,,,,,,,,,,,,,,,,,,,,
way,226668638,,15公寓,,15公寓,清华大学,,"POLYGON ((116.3127647 39.9976985, 116.3127567 39.9978002, 116.3120821 39.997769, 116.3120901 39.9976673, 116.3127647 39.9976985))",,,yes,"[2354354237, 2354354243, 2354354242, 2354354236, 2354354237]",,,residential,,,15公寓,15公寓,,no,,,,,,,,,,,,,,,,,,,,,,,,,,,,,,,,,,,,,,,,,
way,226668639,,17公寓,,17公寓,清华大学,,"POLYGON ((116.311653 39.9976417, 116.3116461 39.9977434, 116.3110239 39.9977186, 116.3110308 39.9976169, 116.311653 39.9976417))",,,yes,"[2354354235, 2354354241, 2354354239, 2354354233, 2354354235]",,,residential,,,17公寓,17公寓,,no,,,,,,,,,,,,,,,,,,,,,,,,,,,,,,,,,,,,,,,,,
way,226668640,,18公寓,,18公寓,清华大学,,"POLYGON ((116.3116834 39.9972855, 116.3116775 39.9973697, 116.3110029 39.997342, 116.3110088 39.9972578, 116.3116834 39.9972855))",,,yes,"[2354354221, 2354354227, 2354354226, 2354354220, 2354354221]",,,residential,,,18公寓,18公寓,,no,,,,,,,,,,,,,,,,,,,,,,,,,,,,,,,,,,,,,,,,,
way,226668641,,西43楼,,西43楼,清华大学,,"POLYGON ((116.3108258 39.9973163, 116.3108158 39.9974198, 116.3102304 39.9973868, 116.3102403 39.9972832, 116.3108258 39.9973163))",,,yes,"[2354354224, 2354354230, 2354354228, 2354354222, 2354354224]",,,residential,,,西43楼,西43樓,,no,,,,,,,,,,,,,,,,,,,,,,,,,,,,,,,,,,,,,,,,,
way,226668642,,西8楼,,西8楼,清华大学,,"POLYGON ((116.3125128 39.9970667, 116.3125192 39.9969813, 116.3118467 39.9969516, 116.3118403 39.9970369, 116.3125128 39.9970667))",,,yes,"[2354354212, 2354354218, 2354354216, 2354354209, 2354354212]",,,residential,,,西8楼,西8樓,,no,,,,,,,,,,,,,,,,,,,,,,,,,,,,,,,,,,,,,,,,,
way,226668644,,西42楼,,西42楼,清华大学,,"POLYGON ((116.3108315 39.9976299, 116.3108207 39.9977542, 116.3100752 39.9977164, 116.310086 39.9975921, 116.3108315 39.9976299))",,,yes,"[2354354234, 2354354240, 2354354238, 2354354232, 2354354234]",,,residential,,,西42楼,西42樓,,no,,,,,,,,,,,,,,,,,,,,,,,,,,,,,,,,,,,,,,,,,
way,226668645,,西41楼,,西41楼,清华大学,,"POLYGON ((116.3107625 39.9979519, 116.3107517 39.9980762, 116.3100063 39.9980383, 116.310017 39.997914, 116.3107625 39.9979519))",,,yes,"[2354354246, 2354354251, 2354354249, 2354354244, 2354354246]",,,residential,,,西41楼,西41樓,,no,,,,,,,,,,,,,,,,,,,,,,,,,,,,,,,,,,,,,,,,,
way,226668646,,西2楼,,西2楼,清华大学,,"POLYGON ((116.3126833 39.9980783, 116.312676 39.9981727, 116.3119306 39.9981393, 116.3119378 39.9980449, 116.3126833 39.9980783))",,,yes,"[2354354250, 2354354255, 2354354254, 2354354248, 2354354250]",,,residential,,,西2楼,西2樓,,no,,,,,,,,,,,,,,,,,,,,,,,,,,,,,,,,,,,,,,,,,
way,226668647,,西1楼,,西1楼,清华大学,,"POLYGON ((116.3117203 39.9980187, 116.3117117 39.9981235, 116.3109609 39.9980871, 116.3109696 39.9979822, 116.3117203 39.9980187))",,,yes,"[2354354247, 2354354253, 2354354252, 2354354245, 2354354247]",,,residential,,,西1楼,西1樓,,no,,,,,,,,,,,,,,,,,,,,,,,,,,,,,,,,,,,,,,,,,
way,226668655,,中6楼,,中6楼,清华大学,,"POLYGON ((116.3172262 39.9977, 116.3172175 39.9977947, 116.3166419 39.9977636, 116.3166506 39.997669, 116.3172262 39.9977))",,,yes,"[2354354304, 2354354308, 2354354307, 2354354302, 2354354304]",,,residential,,,中6楼,中6樓,,no,,,,,,,,,,,,,,,,,,,,,,,,,,,,,,,,,,,,,,,,,
way,226668656,,中5楼,,中5楼,清华大学,,"POLYGON ((116.3165184 39.9976668, 116.3165098 39.9977635, 116.3159354 39.9977334, 116.3159441 39.9976367, 116.3165184 39.9976668))",,,yes,"[2354354303, 2354354306, 2354354305, 2354354301, 2354354303]",,,residential,,,中5楼,中5樓,,no,,,,,,,,,,,,,,,,,,,,,,,,,,,,,,,,,,,,,,,,,
way,226668657,,中4楼,,中4楼,清华大学,,"POLYGON ((116.3172081 39.99804, 116.3171998 39.9981348, 116.316627 39.9981054, 116.3166352 39.9980106, 116.3172081 39.99804))",,,yes,"[2354354312, 2354354316, 2354354314, 2354354310, 2354354312]",,,residential,,,中4楼,中4樓,,no,,,,,,,,,,,,,,,,,,,,,,,,,,,,,,,,,,,,,,,,,
way,226668658,,中2楼,,中2楼,清华大学,,"POLYGON ((116.3171392 39.9983652, 116.3171302 39.998464, 116.3165546 39.9984332, 116.3165636 39.9983344, 116.3171392 39.9983652))",,,yes,"[2354354320, 2354354324, 2354354323, 2354354318, 2354354320]",,,residential,,,中2楼,中2樓,,no,,,,,,,,,,,,,,,,,,,,,,,,,,,,,,,,,,,,,,,,,
way,226668659,,中1楼,,中1楼,清华大学,,"POLYGON ((116.3164714 39.9983316, 116.3164627 39.9984285, 116.3158885 39.9983984, 116.3158972 39.9983015, 116.3164714 39.9983316))",,,yes,"[2354354319, 2354354322, 2354354321, 2354354317, 2354354319]",,,residential,,,中1楼,中1樓,,no,,,,,,,,,,,,,,,,,,,,,,,,,,,,,,,,,,,,,,,,,
way,226668660,,中3楼,,中3楼,清华大学,,"POLYGON ((116.316501 39.9980006, 116.3164931 39.9980973, 116.3159174 39.9980697, 116.3159253 39.9979731, 116.316501 39.9980006))",,,yes,"[2354354311, 2354354315, 2354354313, 2354354309, 2354354311]",,,residential,,,中3楼,中3樓,,no,,,,,,,,,,,,,,,,,,,,,,,,,,,,,,,,,,,,,,,,,
way,226668674,,西9楼,,西9楼,清华大学,,"POLYGON ((116.3135294 39.9980385, 116.3135209 39.9981362, 116.3129519 39.9981071, 116.3129604 39.9980094, 116.3135294 39.9980385))",,,yes,"[2354354418, 2354354424, 2354354421, 2354354416, 2354354418]",,,residential,,,西9楼,西9樓,,no,,,,,,,,,,,,,,,,,,,,,,,,,,,,,,,,,,,,,,,,,
way,226668675,,西11楼,,西11楼,清华大学,,"POLYGON ((116.3154863 39.9981449, 116.3154787 39.9982357, 116.3146888 39.9981968, 116.3146964 39.9981061, 116.3154863 39.9981449))",,,yes,"[2354354423, 2354354427, 2354354426, 2354354420, 2354354423]",,,residential,,,西11楼,西11樓,,no,,,,,,,,,,,,,,,,,,,,,,,,,,,,,,,,,,,,,,,,,
way,226668676,,西12楼,,西12楼,清华大学,,"POLYGON ((116.3135735 39.9975658, 116.3135647 39.9976729, 116.3129851 39.997645, 116.3129939 39.9975379, 116.3135735 39.9975658))",,,yes,"[2354354406, 2354354412, 2354354409, 2354354404, 2354354406]",,,residential,,,西12楼,西12樓,,no,,,,,,,,,,,,,,,,,,,,,,,,,,,,,,,,,,,,,,,,,
way,226668677,,西14楼,,西14楼,清华大学,,"POLYGON ((116.315562 39.997679, 116.3155537 39.997769, 116.3147627 39.9977265, 116.314771 39.9976365, 116.315562 39.997679))",,,yes,"[2354354411, 2354354415, 2354354414, 2354354408, 2354354411]",,,residential,,,西14楼,西14樓,,no,,,,,,,,,,,,,,,,,,,,,,,,,,,,,,,,,,,,,,,,,
way,226668678,,西10楼,,西10楼,清华大学,,"POLYGON ((116.3144685 39.9980869, 116.3144599 39.9981819, 116.3136674 39.9981397, 116.313676 39.9980448, 116.3144685 39.9980869))",,,yes,"[2354354419, 2354354425, 2354354422, 2354354417, 2354354419]",,,residential,,,西10楼,西10樓,,no,,,,,,,,,,,,,,,,,,,,,,,,,,,,,,,,,,,,,,,,,
way,226668679,,西13楼,,西13楼,清华大学,,"POLYGON ((116.3143997 39.9976041, 116.3143924 39.9977017, 116.3136883 39.997671, 116.3136955 39.9975733, 116.3143997 39.9976041))",,,yes,"[2354354407, 2354354413, 2354354410, 2354354405, 2354354407]",,,residential,,,西13楼,西13樓,,no,,,,,,,,,,,,,,,,,,,,,,,,,,,,,,,,,,,,,,,,,
way,226668695,,8公寓,,8公寓,清华大学,,"POLYGON ((116.3144622 39.9962, 116.3144548 39.9963322, 116.3137915 39.9963103, 116.3137989 39.9961781, 116.3144622 39.9962))",,,yes,"[2354354499, 2354354503, 2354354502, 2354354498, 2354354499]",,,residential,,,8公寓,8公寓,,no,,,,,,,,,,,,,,,,,,,,,,,,,,,,,,,,,,,,,,,,,
way,226668696,,4公寓,,4公寓,清华大学,,"POLYGON ((116.3144135 39.9968664, 116.3144031 39.997009, 116.3137331 39.9969801, 116.3137436 39.9968376, 116.3144135 39.9968664))",,,yes,"[2354354515, 2354354519, 2354354518, 2354354514, 2354354515]",,,residential,,,4公寓,4公寓,,no,,,,,,,,,,,,,,,,,,,,,,,,,,,,,,,,,,,,,,,,,
way,226668697,,7公寓,,7公寓,清华大学,,"POLYGON ((116.3157589 39.9962704, 116.315749 39.9964077, 116.315079 39.9963793, 116.3150889 39.9962421, 116.3157589 39.9962704))",,,yes,"[2354354501, 2354354505, 2354354504, 2354354500, 2354354501]",,,residential,,,7公寓,7公寓,,no,,,,,,,,,,,,,,,,,,,,,,,,,,,,,,,,,,,,,,,,,
way,226668698,,3公寓,,3公寓,清华大学,,"POLYGON ((116.3157183 39.9969274, 116.3157069 39.9970801, 116.3150356 39.9970508, 116.3150469 39.9968981, 116.3157183 39.9969274))",,,yes,"[2354354517, 2354354521, 2354354520, 2354354516, 2354354517]",,,residential,,,3公寓,3公寓,,no,,,,,,,,,,,,,,,,,,,,,,,,,,,,,,,,,,,,,,,,,
way,226668699,,5公寓,,5公寓,清华大学,,"POLYGON ((116.315732 39.9965982, 116.3157207 39.9967501, 116.3150736 39.9967218, 116.3150849 39.99657, 116.315732 39.9965982))",,,yes,"[2354354509, 2354354513, 2354354512, 2354354508, 2354354509]",,,residential,,,5公寓,5公寓,,no,,,,,,,,,,,,,,,,,,,,,,,,,,,,,,,,,,,,,,,,,
way,226668700,,6公寓,,6公寓,清华大学,,"POLYGON ((116.3144358 39.9965323, 116.3144265 39.9966799, 116.3137591 39.9966552, 116.3137684 39.9965076, 116.3144358 39.9965323))",,,yes,"[2354354507, 2354354511, 2354354510, 2354354506, 2354354507]",,,residential,,,6公寓,6公寓,,no,,,,,,,,,,,,,,,,,,,,,,,,,,,,,,,,,,,,,,,,,
way,226668703,,西南19,,西南19,清华大学,,"POLYGON ((116.3157965 39.9957643, 116.3158049 39.9956663, 116.3150528 39.9956283, 116.3150444 39.9957263, 116.3157965 39.9957643))",,,yes,"[2354354585, 2354354587, 2354354586, 2354354584, 2354354585]",,,residential,,,西南19,西南19,,no,,,,,,,,,,,,,,,,,,,,,,,,,,,,,,,,,,,,,,,,,
way,226668704,,西南17,,西南17,清华大学,,"POLYGON ((116.3158418 39.9950247, 116.3158327 39.9951387, 116.3150631 39.995103, 116.3150721 39.994989, 116.3158418 39.9950247))",,,yes,"[2354354571, 2354354575, 2354354574, 2354354569, 2354354571]",,,yes,,,西南17,西南17,,no,,,,,,,,,,,,,,,,,,,,,,,,,,,,,,,,,,,,,,,,,
way,226668705,,西南18,,西南18,清华大学,,"POLYGON ((116.3158276 39.9953538, 116.3158191 39.9954551, 116.3150347 39.9954164, 116.3150432 39.9953151, 116.3158276 39.9953538))",,,yes,"[2354354580, 2354354583, 2354354582, 2354354578, 2354354580]",,,residential,,,西南18,西南18,,no,,,,,,,,,,,,,,,,,,,,,,,,,,,,,,,,,,,,,,,,,
way,226668706,,11公寓,,11公寓,清华大学,,"POLYGON ((116.3148362 39.9950109, 116.3148264 39.9950952, 116.3144141 39.995067, 116.3144239 39.9949827, 116.3148362 39.9950109))",,,yes,"[2354354570, 2354354573, 2354354572, 2354354568, 2354354570]",,,residential,,,11公寓,11公寓,,no,,,,,,,,,,,,,,,,,,,,,,,,,,,,,,,,,,,,,,,,,
way,226668707,,西南16,,西南16,清华大学,,"POLYGON ((116.3158557 39.9946987, 116.3158473 39.994806, 116.3151128 39.9947722, 116.3151212 39.9946649, 116.3158557 39.9946987))",,,yes,"[2354354561, 2354354565, 2354354564, 2354354560, 2354354561]",,,residential,,,西南16,西南16,,no,,,,,,,,,,,,,,,,,,,,,,,,,,,,,,,,,,,,,,,,,
way,226668708,,12公寓,,12公寓,清华大学,,"POLYGON ((116.3148434 39.9947715, 116.3148347 39.9948563, 116.3144389 39.9948324, 116.3144476 39.9947476, 116.3148434 39.9947715))",,,yes,"[2354354563, 2354354567, 2354354566, 2354354562, 2354354563]",,,residential,,,12公寓,12公寓,,no,,,,,,,,,,,,,,,,,,,,,,,,,,,,,,,,,,,,,,,,,
way,226668709,,10公寓,,10公寓,清华大学,,"POLYGON ((116.314794 39.9952596, 116.3147843 39.9953418, 116.314392 39.9953146, 116.3144017 39.9952325, 116.314794 39.9952596))",,,yes,"[2354354577, 2354354581, 2354354579, 2354354576, 2354354577]",,,yes,,,10公寓,10公寓,,no,,,,,,,,,,,,,,,,,,,,,,,,,,,,,,,,,,,,,,,,,
way,226668710,,西南15,,西南15,清华大学,,"POLYGON ((116.3159164 39.994372, 116.3159072 39.9944747, 116.3151525 39.9944351, 116.3151617 39.9943323, 116.3159164 39.994372))",,,yes,"[2354354557, 2354354559, 2354354558, 2354354556, 2354354557]",,,residential,,,西南15,西南15,,no,,,,,,,,,,,,,,,,,,,,,,,,,,,,,,,,,,,,,,,,,
way,226668711,,西南20,,西南20,清华大学,,"POLYGON ((116.3158101 39.9959725, 116.3158022 39.9960816, 116.3152248 39.9960569, 116.3152328 39.9959477, 116.3158101 39.9959725))",,,yes,"[2354354589, 2354354591, 2354354590, 2354354588, 2354354589]",,,residential,,,西南20,西南20,,no,,,,,,,,,,,,,,,,,,,,,,,,,,,,,,,,,,,,,,,,,
way,226668723,,,,,,,"POLYGON ((116.318866 39.9954721, 116.3188443 39.9955674, 116.3184402 39.9955132, 116.318462 39.9954179, 116.318866 39.9954721))",,,,"[2354354661, 2354354663, 2354354662, 2354354660, 2354354661]",,,yes,,,,,,,,,,,,,,,,,,,,,,,,,,,,,,,,,,,,,,,,,,,,,,,
way,226668724,,,,,,,"POLYGON ((116.3190036 39.9949183, 116.3189831 39.9950094, 116.3185885 39.9949574, 116.318609 39.9948662, 116.3190036 39.9949183))",,,,"[2354354649, 2354354651, 2354354650, 2354354648, 2354354649]",,,yes,,,,,,,,,,,,,,,,,,,,,,,,,,,,,,,,,,,,,,,,,,,,,,,
way,226668725,,,,,,,"POLYGON ((116.3187761 39.995838, 116.3187561 39.9959338, 116.3183619 39.9958854, 116.318382 39.9957896, 116.3187761 39.995838))",,,,"[2354354669, 2354354671, 2354354670, 2354354668, 2354354669]",,,yes,,,,,,,,,,,,,,,,,,,,,,,,,,,,,,,,,,,,,,,,,,,,,,,
way,226668726,,,,,,,"POLYGON ((116.3188274 39.9956566, 116.318805 39.9957571, 116.3184009 39.9957043, 116.3184233 39.9956038, 116.3188274 39.9956566))",,,,"[2354354665, 2354354667, 2354354666, 2354354664, 2354354665]",,,yes,,,,,,,,,,,,,,,,,,,,,,,,,,,,,,,,,,,,,,,,,,,,,,,
way,226668727,,,,,,,"POLYGON ((116.318906 39.995293, 116.3188816 39.9953804, 116.3184898 39.9953291, 116.318509 39.9952399, 116.318906 39.995293))",,,,"[2354354657, 2354354659, 2354354658, 2354354656, 2354354657]",,,yes,,,,,,,,,,,,,,,,,,,,,,,,,,,,,,,,,,,,,,,,,,,,,,,
way,226668728,,,,,,,"POLYGON ((116.3189611 39.9951071, 116.3189393 39.9952017, 116.3185395 39.9951475, 116.3185614 39.995053, 116.3189611 39.9951071))",,,,"[2354354653, 2354354655, 2354354654, 2354354652, 2354354653]",,,yes,,,,,,,,,,,,,,,,,,,,,,,,,,,,,,,,,,,,,,,,,,,,,,,
way,226668729,,,,,,,"POLYGON ((116.3190434 39.9947325, 116.3190248 39.9948183, 116.3186365 39.994769, 116.3186551 39.9946831, 116.3190434 39.9947325))",,,,"[2354354645, 2354354647, 2354354646, 2354354644, 2354354645]",,,yes,,,,,,,,,,,,,,,,,,,,,,,,,,,,,,,,,,,,,,,,,,,,,,,
way,226668731,,南2楼,,南2楼,清华大学,,"POLYGON ((116.3222665 39.9940514, 116.3222568 39.9941479, 116.3214864 39.9941027, 116.3214961 39.9940062, 116.3222665 39.9940514))",,,yes,"[2354354716, 2354354718, 2354354717, 2354354715, 2354354716]",,,residential,,,南2楼,南2樓,,no,,,,,,,,,,,,,,,,,,,,,,,,,,,,,,,,,,,,,,,,,
way,226668732,,南3楼,,南3楼,清华大学,,"POLYGON ((116.3222621 39.9943947, 116.3222527 39.9944871, 116.3214581 39.9944396, 116.3214675 39.9943472, 116.3222621 39.9943947))",,,yes,"[2354354720, 2354354722, 2354354721, 2354354719, 2354354720]",,,residential,,,南3楼,南3樓,,no,,,,,,,,,,,,,,,,,,,,,,,,,,,,,,,,,,,,,,,,,
way,226668733,,南1楼,,南1楼,清华大学,,"POLYGON ((116.3222725 39.9937114, 116.3222622 39.9938182, 116.3215576 39.9937786, 116.3215678 39.9936718, 116.3222725 39.9937114))",,,yes,"[2354354712, 2354354714, 2354354713, 2354354711, 2354354712]",,,residential,,,南1楼,南1樓,,no,,,,,,,,,,,,,,,,,,,,,,,,,,,,,,,,,,,,,,,,,
way,226668734,,南0楼,,南0楼,清华大学,,"POLYGON ((116.322317 39.9933727, 116.3223076 39.9934785, 116.3215601 39.9934394, 116.3215695 39.9933336, 116.322317 39.9933727))",,,yes,"[2354354708, 2354354710, 2354354709, 2354354707, 2354354708]",,,residential,,,南0楼,南0樓,,no,,,,,,,,,,,,,,,,,,,,,,,,,,,,,,,,,,,,,,,,,
way,226668735,,南4楼,,南4楼,清华大学,,"POLYGON ((116.3222296 39.9947352, 116.322222 39.9948269, 116.321434 39.9947889, 116.3214416 39.9946971, 116.3222296 39.9947352))",,,yes,"[2354354724, 2354354726, 2354354725, 2354354723, 2354354724]",,,residential,,,南4楼,南4樓,,no,,,,,,,,,,,,,,,,,,,,,,,,,,,,,,,,,,,,,,,,,
way,226668897,,南12楼,,南12楼,清华大学,,"POLYGON ((116.3213607 39.9938335, 116.3213503 39.9939402, 116.3205516 39.9938945, 116.3205619 39.9937879, 116.3213607 39.9938335))",,,yes,"[2354366094, 2354366097, 2354366096, 2354366092, 2354366094]",,,residential,,,南12楼,南12樓,,no,,,,,,,,,,,,,,,,,,,,,,,,,,,,,,,,,,,,,,,,,
way,226668898,,南11楼,,南11楼,清华大学,,"POLYGON ((116.3213979 39.9934925, 116.3213875 39.9935994, 116.3205888 39.9935537, 116.3205992 39.9934469, 116.3207926 39.9934579, 116.3213979 39.9934925))",,,yes,"[2354366087, 2354366091, 2354366089, 2354366085, 3881728483, 2354366087]",,,residential,,,南11楼,南11樓,,no,,,,,,,,,,,,,,,,,,,,,,,,,,,,,,,,,,,,,,,,,
way,226668899,,南13楼,,南13楼,清华大学,,"POLYGON ((116.3212987 39.9941535, 116.3212892 39.9942601, 116.3205427 39.994221, 116.3205522 39.9941143, 116.3210632 39.9941411, 116.3212987 39.9941535))",,,yes,"[2354366101, 2354366104, 2354366103, 2354366099, 10001426148, 2354366101]",,,residential,,,南13楼,南13樓,,no,,,,,,,,,,,,,,,,,,,,,,,,,,,,,,,,,,,,,,,,,
way,226669002,,清华大学出版社,,清华大学出版社,清华大学,,"POLYGON ((116.3221206 39.9962123, 116.3220979 39.9966334, 116.321936 39.9966283, 116.3219587 39.9962072, 116.3221206 39.9962123))",,,yes,"[2354368604, 2354368613, 2354368612, 2354368603, 2354368604]",,,yes,,,清华大学出版社,清華大學出版社,,no,,,,,,,,,,,,,,,,,,,,,,,,,,,,,,,,,,,,,,,,,
way,226669003,,南6楼,,南6楼,清华大学,,"POLYGON ((116.3221825 39.9957154, 116.3221936 39.995611, 116.321271 39.9955533, 116.3212599 39.9956577, 116.3221825 39.9957154))",,,yes,"[2354368593, 2354368595, 2354368594, 2354368592, 2354368593]",,,residential,,,南6楼,南6樓,,no,,,,,,,,,,,,,,,,,,,,,,,,,,,,,,,,,,,,,,,,,
way,226669004,,南7楼,,南7楼,清华大学,,"POLYGON ((116.3221284 39.9959549, 116.3221147 39.9960676, 116.3211948 39.9960017, 116.3212085 39.995889, 116.3221284 39.9959549))",,,yes,"[2354368597, 2354368599, 2354368598, 2354368596, 2354368597]",,,residential,,,南7楼,南7樓,,no,,,,,,,,,,,,,,,,,,,,,,,,,,,,,,,,,,,,,,,,,
way,226669005,,南10楼,,南10楼,清华大学,,"POLYGON ((116.320932 39.9965, 116.3209271 39.9965979, 116.3204588 39.9965841, 116.3204637 39.9964862, 116.320932 39.9965))",,,yes,"[2354368607, 2354368611, 2354368609, 2354368606, 2354368607]",,,residential,,,南10楼,南10樓,,no,,,,,,,,,,,,,,,,,,,,,,,,,,,,,,,,,,,,,,,,,
way,226669006,,南5楼,,南5楼,清华大学,,"POLYGON ((116.3222713 39.9952636, 116.3222512 39.9953816, 116.3213355 39.9953117, 116.3213468 39.9952047, 116.3222713 39.9952636))",,,yes,"[2354368589, 2354368591, 2354368590, 2354368588, 2354368589]",,,residential,,,南5楼,南5樓,,no,,,,,,,,,,,,,,,,,,,,,,,,,,,,,,,,,,,,,,,,,
way,226669007,,南9楼,,南9楼,清华大学,,"POLYGON ((116.3218263 39.9966066, 116.3218218 39.9967079, 116.3210931 39.9966889, 116.3210977 39.9965875, 116.3218263 39.9966066))",,,yes,"[2354368610, 2354368615, 2354368614, 2354368608, 2354368610]",,,residential,,,南9楼,南9樓,,no,,,,,,,,,,,,,,,,,,,,,,,,,,,,,,,,,,,,,,,,,
way,226669008,,南8楼,,南8楼,清华大学,,"POLYGON ((116.3218692 39.9962661, 116.3218625 39.9963697, 116.3211286 39.996342, 116.3211353 39.9962384, 116.3218692 39.9962661))",,,yes,"[2354368601, 2354368605, 2354368602, 2354368600, 2354368601]",,,residential,,,南8楼,南8樓,,no,,,,,,,,,,,,,,,,,,,,,,,,,,,,,,,,,,,,,,,,,
way,226669016,,东6楼,,东6楼,清华大学,,"POLYGON ((116.3208045 39.9980941, 116.3208169 39.9981986, 116.320011 39.9982543, 116.3199987 39.9981498, 116.3208045 39.9980941))",,,yes,"[2354368647, 2354368651, 2354368652, 2354368649, 2354368647]",,,residential,,,东6楼,東6樓,,no,,,,,,,,,,,,,,,,,,,,,,,,,,,,,,,,,,,,,,,,,
way,226669017,,东7楼,,东7楼,清华大学,,"POLYGON ((116.3207209 39.9977116, 116.320735 39.9978282, 116.3199275 39.9978856, 116.3199134 39.997769, 116.3207209 39.9977116))",,,yes,"[2354368639, 2354368643, 2354368644, 2354368641, 2354368639]",,,residential,,,东7楼,東7樓,,no,,,,,,,,,,,,,,,,,,,,,,,,,,,,,,,,,,,,,,,,,
way,226669018,,东11楼,,东11楼,清华大学,,"POLYGON ((116.3217807 39.997995, 116.3217945 39.9981169, 116.3209858 39.9981706, 116.320972 39.9980487, 116.3217807 39.997995))",,,yes,"[2354368645, 2354368648, 2354368650, 2354368646, 2354368645]",,,residential,,,东11楼,東11樓,,no,,,,,,,,,,,,,,,,,,,,,,,,,,,,,,,,,,,,,,,,,
way,226669019,,东15楼,,东15楼,清华大学,,"POLYGON ((116.3218165 39.9972873, 116.3218214 39.9973968, 116.3208718 39.9974217, 116.3208669 39.9973123, 116.3218165 39.9972873))",,,yes,"[2354368634, 2354368636, 2354368635, 2354368633, 2354368634]",,,residential,,,东15楼,東15樓,,no,,,,,,,,,,,,,,,,,,,,,,,,,,,,,,,,,,,,,,,,,
way,226669020,,东16楼,,东16楼,清华大学,,"POLYGON ((116.3219001 39.9969581, 116.3218947 39.9970705, 116.3208727 39.9970419, 116.3208781 39.9969295, 116.3219001 39.9969581))",,,yes,"[2354368630, 2354368632, 2354368631, 2354368629, 2354368630]",,,residential,,,东16楼,東16樓,,no,,,,,,,,,,,,,,,,,,,,,,,,,,,,,,,,,,,,,,,,,
way,226669021,,东13楼,,东13楼,清华大学,,"POLYGON ((116.3217474 39.9976493, 116.3217612 39.9977712, 116.3209526 39.9978249, 116.3209388 39.9977031, 116.3217474 39.9976493))",,,yes,"[2354368637, 2354368640, 2354368642, 2354368638, 2354368637]",,,residential,,,东13楼,東13樓,,no,,,,,,,,,,,,,,,,,,,,,,,,,,,,,,,,,,,,,,,,,
way,226669057,,东2楼,,东2楼,清华大学,,"POLYGON ((116.3197625 39.9977307, 116.3197739 39.9978511, 116.3194285 39.9978703, 116.319417 39.9977499, 116.3197625 39.9977307))",,,yes,"[2354369793, 2354369797, 2354369800, 2354369795, 2354369793]",,,residential,,,东2楼,東2樓,,no,,,,,,,,,,,,,,,,,,,,,,,,,,,,,,,,,,,,,,,,,
way,226669058,,东5楼,,东5楼,清华大学,,"POLYGON ((116.319876 39.9967365, 116.3198533 39.9968522, 116.3195228 39.9968143, 116.3195454 39.9966985, 116.319876 39.9967365))",,,yes,"[2354369754, 2354369760, 2354369758, 2354369752, 2354369754]",,,residential,,,东5楼,東5樓,,no,,,,,,,,,,,,,,,,,,,,,,,,,,,,,,,,,,,,,,,,,
way,226669059,,东8楼,,东8楼,清华大学,,"POLYGON ((116.3207229 39.9972861, 116.3206936 39.9974081, 116.3199133 39.997298, 116.3199426 39.9971761, 116.3207229 39.9972861))",,,yes,"[2354369779, 2354369787, 2354369781, 2354369777, 2354369779]",,,residential,,,东8楼,東8樓,,no,,,,,,,,,,,,,,,,,,,,,,,,,,,,,,,,,,,,,,,,,
way,226669060,,东3楼,,东3楼,清华大学,,"POLYGON ((116.3197622 39.9973614, 116.3197395 39.9974772, 116.3194089 39.9974392, 116.3194316 39.9973234, 116.3197622 39.9973614))",,,yes,"[2354369785, 2354369791, 2354369789, 2354369783, 2354369785]",,,residential,,,东3楼,東3樓,,no,,,,,,,,,,,,,,,,,,,,,,,,,,,,,,,,,,,,,,,,,
way,226669061,,东9楼,,东9楼,清华大学,,"POLYGON ((116.3206591 39.9968946, 116.3206329 39.9970154, 116.3199962 39.9969344, 116.3200224 39.9968136, 116.3206591 39.9968946))",,,yes,"[2354369762, 2354369769, 2354369764, 2354369756, 2354369762]",,,residential,,,东9楼,東9樓,,no,,,,,,,,,,,,,,,,,,,,,,,,,,,,,,,,,,,,,,,,,
way,226669062,,东1楼,,东1楼,清华大学,,"POLYGON ((116.319787 39.9980581, 116.3197984 39.9981786, 116.3194529 39.9981978, 116.3194415 39.9980773, 116.319787 39.9980581))",,,yes,"[2354369802, 2354369806, 2354369808, 2354369804, 2354369802]",,,residential,,,东1楼,東1樓,,no,,,,,,,,,,,,,,,,,,,,,,,,,,,,,,,,,,,,,,,,,
way,226669063,,东4楼,,东4楼,清华大学,,"POLYGON ((116.3198392 39.9970411, 116.3198179 39.9971444, 116.3194885 39.9971044, 116.3195099 39.9970012, 116.3198392 39.9970411))",,,yes,"[2354369771, 2354369775, 2354369773, 2354369766, 2354369771]",,,residential,,,东4楼,東4樓,,no,,,,,,,,,,,,,,,,,,,,,,,,,,,,,,,,,,,,,,,,,
way,226669348,,西南3,,西南3,清华大学,,"POLYGON ((116.3151175 39.9925105, 116.3151092 39.9926228, 116.3147975 39.9926092, 116.3148058 39.9924969, 116.3151175 39.9925105))",,,yes,"[2354370795, 2354370797, 2354370796, 2354370794, 2354370795]",,,residential,,,西南3,西南3,,no,,,,,,,,,,,,,,,,,,,,,,,,,,,,,,,,,,,,,,,,,
way,226669349,,西南5,,西南5,清华大学,,"POLYGON ((116.3150096 39.9931436, 116.3150013 39.9932558, 116.3146895 39.9932423, 116.3146978 39.99313, 116.3150096 39.9931436))",,,yes,"[2354370803, 2354370805, 2354370804, 2354370802, 2354370803]",,,residential,,,西南5,西南5,,no,,,,,,,,,,,,,,,,,,,,,,,,,,,,,,,,,,,,,,,,,
way,226669350,,西南6,,西南6,清华大学,,"POLYGON ((116.3149638 39.9934616, 116.3149555 39.9935739, 116.3146437 39.9935602, 116.314652 39.993448, 116.3149638 39.9934616))",,,yes,"[2354370807, 2354370809, 2354370808, 2354370806, 2354370807]",,,residential,,,西南6,西南6,,no,,,,,,,,,,,,,,,,,,,,,,,,,,,,,,,,,,,,,,,,,
way,226669351,,西南4,,西南4,清华大学,,"POLYGON ((116.3150561 39.9928203, 116.3150477 39.9929326, 116.3147359 39.992919, 116.3147443 39.9928067, 116.3150561 39.9928203))",,,yes,"[2354370799, 2354370801, 2354370800, 2354370798, 2354370799]",,,residential,,,西南4,西南4,,no,,,,,,,,,,,,,,,,,,,,,,,,,,,,,,,,,,,,,,,,,
way,226669354,,西南7,,西南7,清华大学,,"POLYGON ((116.3162958 39.9927121, 116.3162788 39.9928259, 116.3153367 39.9927732, 116.3153502 39.9926458, 116.3162958 39.9927121))",,,yes,"[2354370855, 2354370858, 2354370857, 2354370853, 2354370855]",,,yes,,,西南7,西南7,,no,,,,,,,,,,,,,,,,,,,,,,,,,,,,,,,,,,,,,,,,,
way,226669356,,西南9,,西南9,清华大学,,"POLYGON ((116.3157479 39.993371, 116.315742 39.9934678, 116.3152775 39.9934511, 116.3152834 39.9933544, 116.3157479 39.993371))",,,yes,"[2354370870, 2354370872, 2354370871, 2354370869, 2354370870]",,,residential,,,西南9,西南9,,no,,,,,,,,,,,,,,,,,,,,,,,,,,,,,,,,,,,,,,,,,
way,226669358,,西南13,,西南13,清华大学,,"POLYGON ((116.317373 39.9927825, 116.3173618 39.9928908, 116.3164237 39.9928338, 116.3164349 39.9927254, 116.317373 39.9927825))",,,yes,"[2354370856, 2354370860, 2354370859, 2354370854, 2354370856]",,,residential,,,西南13,西南13,,no,,,,,,,,,,,,,,,,,,,,,,,,,,,,,,,,,,,,,,,,,
way,226669359,,西南10,,西南10,清华大学,,"POLYGON ((116.3157175 39.9936861, 116.3157083 39.9937954, 116.3152385 39.9937724, 116.3152476 39.9936631, 116.3157175 39.9936861))",,,yes,"[2354370874, 2354370876, 2354370875, 2354370873, 2354370874]",,,residential,,,西南10,西南10,,no,,,,,,,,,,,,,,,,,,,,,,,,,,,,,,,,,,,,,,,,,
way,226669361,,西南11,,西南11,清华大学,,"POLYGON ((116.3156261 39.9940202, 116.3156146 39.9941274, 116.3152033 39.9941015, 116.3152147 39.9939944, 116.3156261 39.9940202))",,,yes,"[2354370879, 2354370883, 2354370881, 2354370878, 2354370879]",,,residential,,,西南11,西南11,,no,,,,,,,,,,,,,,,,,,,,,,,,,,,,,,,,,,,,,,,,,
way,226669362,,西南14,,西南14,清华大学,,"POLYGON ((116.3173492 39.9931029, 116.3173322 39.9932167, 116.3163901 39.9931641, 116.3164036 39.9930366, 116.3173492 39.9931029))",,,yes,"[2354370864, 2354370868, 2354370867, 2354370862, 2354370864]",,,residential,,,西南14,西南14,,no,,,,,,,,,,,,,,,,,,,,,,,,,,,,,,,,,,,,,,,,,
way,226669363,,西南8,,西南8,清华大学,,"POLYGON ((116.3162801 39.9930401, 116.3162631 39.9931539, 116.315321 39.9931013, 116.3153345 39.9929738, 116.3162801 39.9930401))",,,yes,"[2354370863, 2354370866, 2354370865, 2354370861, 2354370863]",,,residential,,,西南8,西南8,,no,,,,,,,,,,,,,,,,,,,,,,,,,,,,,,,,,,,,,,,,,
way,226669364,,普吉1号楼,,普吉1号楼,清华大学,,"POLYGON ((116.3182836 39.9931637, 116.3182727 39.9932939, 116.3174232 39.9932519, 116.3174341 39.9931219, 116.3182836 39.9931637))",,,yes,"[2354370887, 2354370889, 2354370888, 2354370886, 2354370887]",,,residential,,,普吉1号楼,普吉1號樓,,no,,,,,,,,,,,,,,,,,,,,,,,,,,,,,,,,,,,,,,,,,
way,226669472,,高2楼,,高2楼,清华大学,,"POLYGON ((116.3177539 39.9979149, 116.3177645 39.9980655, 116.3176802 39.9980689, 116.3176778 39.9980351, 116.3175294 39.9980412, 116.3175316 39.9980724, 116.3174328 39.9980765, 116.3174223 39.9979275, 116.3175381 39.9979228, 116.3175361 39.9978949, 116.3176402 39.9978906, 116.3176422 39.9979195, 116.3177539 39.9979149))",,,yes,"[2354372295, 2354372297, 10945321383, 10945321384, 10945321386, 10945321385, 2354372298, 2354372296, 9737804034, 9737804033, 10945321382, 10945321381, 2354372295]",,,residential,,,高2楼,高2樓,,no,,,,,,,,,,,,,,,,,,,,,,,,,,,,,,,,,,,,,,,,,
way,226669497,,西45楼,,西45楼,清华大学,,"POLYGON ((116.309452 39.9980461, 116.3094566 39.997904, 116.3096497 39.9979076, 116.3096451 39.9980497, 116.309452 39.9980461))",,,yes,"[2354372557, 2354372558, 2354372559, 2354372560, 2354372557]",,,residential,,,西45楼,西45樓,,no,,,,,,,,,,,,,,,,,,,,,,,,,,,,,,,,,,,,,,,,,
way,226669858,,十五宿舍,,十五宿舍,清华大学,,"POLYGON ((116.3149984 40.0062418, 116.3150189 40.0060498, 116.3158457 40.0061013, 116.3158253 40.0062934, 116.3149984 40.0062418))",,,yes,"[2354378411, 2354378412, 2354378413, 2354378414, 2354378411]",,,residential,,,十五宿舍,十五宿舍,,no,,,,,,,,,,,,,,,,,,,,,,,,,,,,,,,,,,,,,,,,,
way,226669863,,十六宿舍,,十六宿舍,清华大学,,"POLYGON ((116.3162917 40.006309, 116.3163089 40.006132, 116.3171041 40.0061771, 116.3170869 40.0063542, 116.3162917 40.006309))",,,yes,"[2354378528, 2354378529, 2354378530, 2354378531, 2354378528]",,,residential,,,十六宿舍,十六宿舍,,no,,,,,,,,,,,,,,,,,,,,,,,,,,,,,,,,,,,,,,,,,
way,226670893,police,保卫处派出所,Security Department,保卫处派出所,清华大学,,"POLYGON ((116.3205673 40.0004463, 116.3205773 40.0003263, 116.3215063 40.0003718, 116.3214963 40.000492, 116.3205673 40.0004463))",,,yes,"[2354390629, 2354390630, 2354390631, 2354390632, 2354390629]",,,yes,,,保卫处派出所,保衛處派出所,,,,,,,,,,,,,,,,,,,,,,,,,,,,,,,,,,,,,,,,,,,
way,226671389,,校史馆,Tsinghua University History Museum,校史馆,清华大学,,"POLYGON ((116.3225752 40.0008325, 116.3225786 40.0007916, 116.3225912 40.0006396, 116.3233308 40.0006753, 116.3238653 40.0007012, 116.3238494 40.0008942, 116.3225752 40.0008325))",,,yes,"[2354397090, 2354397244, 2354397091, 1703721216, 1703721209, 2354397093, 2354397090]",yes,,yes,,,校史馆,校史館,,,,,,,,,,,,,,government,,,,,,,,,,,,museum,,,,,,,,,,,,,,,,,
way,226671400,theatre,蒙民伟音乐厅,Mong Man-wai Concert Hall,蒙民伟音乐厅,清华大学,,"POLYGON ((116.3221864 40.0007726, 116.3221943 40.0006765, 116.3221332 40.0006735, 116.3221469 40.0005082, 116.3222042 40.0005109, 116.3222098 40.0004435, 116.3226057 40.0004626, 116.3225912 40.0006396, 116.3225786 40.0007916, 116.3221864 40.0007726))",,,yes,"[2354397241, 5266099944, 5266099945, 5266099947, 5266099946, 2354397242, 2354397243, 2354397091, 2354397244, 2354397241]",,,yes,,,蒙民伟音乐厅,蒙民偉音樂廳,,,,,,,,,,,,,,,,,,,,,,,,,,,,,,,,,,,,,,,,,,,
way,226671429,library,人文社科图书馆（凯风楼）,Humanities and Social Sciences Library (Kaifeng Building),人文社科图书馆（凯风楼）,清华大学,,"POLYGON ((116.3218863 40.0031904, 116.3218997 40.0029883, 116.32201 40.0030649, 116.3219614 40.0029914, 116.3219427 40.0029051, 116.3219713 40.0028181, 116.3220268 40.0027441, 116.3221201 40.0026985, 116.3222275 40.0026849, 116.3223304 40.0026887, 116.3224401 40.0027255, 116.32251 40.002791, 116.3225502 40.002864, 116.3225557 40.0029396, 116.3225338 40.0030149, 116.32308 40.0030295, 116.323068 40.003224, 116.3222448 40.0032006, 116.3218863 40.0031904))",,,yes,"[2354397472, 6956583340, 2354397473, 6956583341, 6956583342, 2354397474, 4457321800, 4457321799, 2354397475, 4457321801, 2354397476, 6956583343, 9748178851, 2354397477, 2354397478, 2354397479, 2354397480, 11407485438, 2354397472]",yes,,yes,,,人文社科图书馆（凯风楼）,人文社科圖書館（凱風樓）,,,,学堂路,,北京市海淀区,,,,,,,,government,,,yes,customers,,,,,,,,,,,100084,,,,,,,,,,,,,,
way,226936293,,,,,,,"POLYGON ((116.3112168 40.0046325, 116.3112358 40.0044607, 116.3121852 40.0045221, 116.3121663 40.0046938, 116.3112168 40.0046325))",,,,"[2356768570, 2356768571, 2356768572, 2356768573, 2356768570]",,,yes,,,,,,,,,,,,,,,,,,,,,,,,,,,,,,,,,,,,,,,,,,,,,,,
way,226936295,,,,,,,"POLYGON ((116.3100095 40.0041527, 116.3100155 40.0040275, 116.3103484 40.0040414, 116.3103333 40.0041643, 116.3100095 40.0041527))",,,,"[2356768583, 2356768586, 2356768588, 2356768590, 2356768583]",,,yes,,,,,,,,,,,,,,,,,,,,,,,,,,,,,,,,,,,,,,,,,,,,,,,
way,226936312,,,,,,,"POLYGON ((116.3103756 40.0042361, 116.3103847 40.0041107, 116.3108459 40.0041302, 116.3108403 40.0042081, 116.3108353 40.0042614, 116.3103756 40.0042361))",,,,"[2356769258, 2356769259, 2356769260, 2356769262, 2356769261, 2356769258]",,,yes,,,,,,,,,,,,,,,,,,,,,,,,,,,,,,,,,,,,,,,,,,,,,,,
way,226936358,,十七宿舍,,十七宿舍,清华大学,,"POLYGON ((116.3171157 40.0061563, 116.3171552 40.0057974, 116.3173011 40.0058068, 116.3172616 40.0061657, 116.3171157 40.0061563))",,,yes,"[2356769675, 2356769676, 2356769677, 2356769678, 2356769675]",,,residential,,,十七宿舍,十七宿舍,,no,,,,,,,,,,,,,,,,,,,,,,,,,,,,,,,,,,,,,,,,,
way,226936383,,低碳能源实验室,,低碳能源实验室,清华大学,,"POLYGON ((116.3173132 40.0063238, 116.3173232 40.006209, 116.3175738 40.0062217, 116.3175639 40.0063365, 116.3173132 40.0063238))",,,yes,"[2356769808, 2356769809, 2356769810, 2356769811, 2356769808]",,,yes,,,低碳能源实验室,低碳能源實驗室,,no,,,,,,,,,,,,,,,,,,,,,,,,,,,,,,,,,,,,,,,,,
way,226936388,,,,,清华大学,,"POLYGON ((116.3178901 40.0089166, 116.3178972 40.0086434, 116.3181065 40.0086466, 116.3180994 40.0089198, 116.3178901 40.0089166))",,,yes,"[2356769855, 2356769856, 2356769857, 2356769858, 2356769855]",,,yes,,,,,,no,,,,,,,,,,,,,,,,,,,,,,,,,,,,,,,,,,,,,,,,,
way,226936439,,,,,,,"POLYGON ((116.3167539 40.0071251, 116.3167658 40.0070118, 116.3170619 40.00703, 116.317063 40.0070195, 116.3174307 40.007042, 116.3174222 40.0071239, 116.3175157 40.0071296, 116.3175006 40.0072739, 116.3173796 40.0072665, 116.3173917 40.0071506, 116.3170702 40.0071309, 116.3170688 40.0071444, 116.3167539 40.0071251))",,,,"[2356770310, 2356770311, 6959716476, 6959716477, 2356770312, 2356770313, 2356770314, 2356770315, 2356770316, 2356770317, 6959716475, 6959716474, 2356770310]",,,university,,,,,,,,,,,,,,,,,,,,,,,,,,,,,,,,,,,,,,,,,,,,,,,
way,226936504,,,,,,,"POLYGON ((116.3167484 40.0074914, 116.3167613 40.0073917, 116.3171768 40.0074232, 116.3171797 40.0074004, 116.3175024 40.0074248, 116.3174889 40.0075295, 116.317576 40.0075361, 116.3175582 40.0076739, 116.3174345 40.0076645, 116.3174522 40.0075272, 116.3171696 40.0075058, 116.3171674 40.0075231, 116.3167484 40.0074914))",,,,"[2356770826, 2356770822, 6959716478, 6959716479, 2356770823, 2356770824, 2356770825, 2356770829, 2356770828, 2356770827, 6959716480, 6959716481, 2356770826]",,,yes,,,,,,,,,,,,,,,,,,,,,,,,,,,,,,,,,,,,,,,,,,,,,,,
way,226936505,,,,,,,"POLYGON ((116.3166872 40.0079301, 116.3167003 40.007827, 116.3170986 40.0078566, 116.317102 40.0078297, 116.3174418 40.0078549, 116.3174268 40.0079726, 116.3174977 40.0079779, 116.3174792 40.0081234, 116.3173584 40.0081144, 116.3173761 40.0079741, 116.3171113 40.0079544, 116.3171104 40.0079616, 116.3166872 40.0079301))",,,,"[2356770834, 2356770830, 6959725285, 6959716484, 2356770831, 2356770832, 2356770833, 2356770837, 2356770836, 2356770835, 6959716482, 6959716483, 2356770834]",,,yes,,,,,,,,,,,,,,,,,,,,,,,,,,,,,,,,,,,,,,,,,,,,,,,
way,226936506,,,,,,,"POLYGON ((116.3166446 40.0083236, 116.3166628 40.0081952, 116.317408 40.008257, 116.3173902 40.0083831, 116.3175001 40.0083923, 116.3174821 40.0085197, 116.3173676 40.0085102, 116.3173829 40.008402, 116.3170795 40.0083769, 116.3170819 40.0083598, 116.3166446 40.0083236))",,,,"[2356770842, 2356770838, 2356770839, 2356770840, 2356770841, 2356770845, 2356770844, 2356770843, 6959725286, 6959725287, 2356770842]",,,residential,,,,,,,,,,,,,,,,,,,,,,,,,,,,,,,,,,,,,,,,,,,,,,,
way,226936599,,,,,清华大学,,"POLYGON ((116.3270979 40.0091398, 116.3272373 40.0090088, 116.327455 40.0090153, 116.3275319 40.0089384, 116.3281338 40.0089554, 116.3278745 40.0091764, 116.3270979 40.0091398))",,,yes,"[2356772458, 2356772459, 2356772460, 2356772461, 2356772463, 2356772464, 2356772458]",,,yes,,,,,,no,,,,,,,,,,,,,,,,,,,,,,,,,,,,,,,,,,,,,,,,,
way,226936600,,,,,清华大学,,"POLYGON ((116.3254666 40.0105956, 116.325606 40.0104548, 116.325834 40.0104621, 116.3258974 40.0104087, 116.3259671 40.0104112, 116.3260178 40.0103578, 116.3262173 40.0103626, 116.3262078 40.0104136, 116.3264866 40.0104233, 116.3262585 40.0106295, 116.3254666 40.0105956))",,,yes,"[2356772465, 2356772466, 2356772467, 2356772468, 2356772469, 2356772470, 2356772471, 2356772472, 2356772473, 2356772474, 2356772465]",,,yes,,,,,,no,,,2,,,,,,,,,,,,,,,,,,,,,,,,,,,,,,,,,,,,,,
way,255748953,,老留学生楼,Former Dormitory Building,老留学生楼,,,"POLYGON ((116.3097013 40.0038482, 116.3100748 40.0038636, 116.3100692 40.0039432, 116.3104164 40.0039576, 116.3108858 40.0039769, 116.3109106 40.0036241, 116.3105008 40.0036072, 116.3105089 40.0034919, 116.3103594 40.0034857, 116.310357 40.0035197, 116.3101367 40.0035106, 116.3101402 40.0034605, 116.3094649 40.0034327, 116.3094564 40.0035541, 116.3097236 40.0035652, 116.3097251 40.0035443, 116.3101109 40.0035602, 116.3101069 40.0036169, 116.3104128 40.0036295, 116.3104002 40.0038083, 116.3100407 40.0037935, 116.3100457 40.0037216, 116.3097112 40.0037078, 116.3097013 40.0038482))",,,,"[2614375133, 2614375134, 2614375135, 2614375136, 2614375137, 2614375138, 2614375139, 2614375140, 2614375141, 2614375142, 2614375143, 2614375144, 2614375145, 2614375146, 2614375147, 9824754707, 9824754706, 9824754705, 9824754708, 9824754704, 9824754702, 9824754703, 9824754709, 2614375133]",,,yes,,,老留学生楼,老留學生樓,,,,,,,,,,,,,,,,,,,,,,,,,,,,,,,,,,,,,,,,,,,
way,298030519,,,,,清华大学,,"POLYGON ((116.3129339 40.0110065, 116.3129448 40.0109154, 116.3137027 40.0109688, 116.3139012 40.0109828, 116.3138903 40.0110739, 116.3129339 40.0110065))",,,yes,"[3019454057, 3019454058, 4503942352, 3019454059, 3019454060, 3019454057]",,,residential,,,,,,no,,,,,,,,,,,,,,,,,,,,,,,,,,,,,,,,,,,,,,,,,
way,298030520,,,,,清华大学,,"POLYGON ((116.3130287 40.010659, 116.3130386 40.0105703, 116.3133111 40.010588, 116.3134309 40.0105958, 116.313421 40.0106845, 116.3130287 40.010659))",,,yes,"[3019454061, 3019454062, 4503942349, 3019454063, 3019454064, 3019454061]",,,residential,,,,,,no,,,,,,,,,,,,,,,,,,,,,,,,,,,,,,,,,,,,,,,,,
way,298030521,,,,,清华大学,,"POLYGON ((116.3130812 40.0103075, 116.3130918 40.0102172, 116.3138196 40.0102676, 116.3140507 40.0102836, 116.3140425 40.0103528, 116.31404 40.0103738, 116.3130812 40.0103075))",,,yes,"[3019454065, 3019454066, 4503942341, 3019454067, 3019454090, 3019454068, 3019454065]",,,residential,,,,,,no,,,,,,,,,,,,,,,,,,,,,,,,,,,,,,,,,,,,,,,,,
way,298030522,,,,,清华大学,,"POLYGON ((116.3131081 40.0099757, 116.3131191 40.0098832, 116.3138271 40.0099322, 116.3140693 40.009949, 116.3140584 40.0100415, 116.3131081 40.0099757))",,,yes,"[3019454069, 3019454070, 4503942363, 3019454071, 3019454072, 3019454069]",,,residential,,,,,,no,,,,,,,,,,,,,,,,,,,,,,,,,,,,,,,,,,,,,,,,,
way,298030523,,,,,清华大学,,"POLYGON ((116.3131651 40.009618, 116.313175 40.009515, 116.3134728 40.0095318, 116.3136681 40.0095428, 116.3136582 40.0096458, 116.3131651 40.009618))",,,yes,"[3019454073, 3019454074, 4503942357, 3019454075, 3019454076, 3019454073]",,,residential,,,,,,no,,,,,,,,,,,,,,,,,,,,,,,,,,,,,,,,,,,,,,,,,
way,298030524,,,,,清华大学,,"POLYGON ((116.3137004 40.009673, 116.3141952 40.0097088, 116.3142077 40.0097097, 116.3142198 40.0096116, 116.3140672 40.0096006, 116.3137124 40.0095749, 116.3137004 40.009673))",,,yes,"[3019454077, 3019454084, 3019454078, 3019454079, 4503942355, 3019454080, 3019454077]",,,residential,,,,,,no,,,,,,,,,,,,,,,,,,,,,,,,,,,,,,,,,,,,,,,,,
way,298030525,,,,,清华大学,,"POLYGON ((116.3141814 40.0098577, 116.314319 40.0098652, 116.3143327 40.0097163, 116.3142077 40.0097097, 116.3141952 40.0097088, 116.3141814 40.0098577))",,,yes,"[3019454081, 3019454082, 3019454083, 3019454078, 3019454084, 3019454081]",,,residential,,,,,,no,,,,,,,,,,,,,,,,,,,,,,,,,,,,,,,,,,,,,,,,,
way,298030526,,,,,清华大学,,"POLYGON ((116.3140518 40.0101684, 116.3141836 40.0101738, 116.3141938 40.0100265, 116.314062 40.0100211, 116.3140518 40.0101684))",,,yes,"[3019454085, 3019454086, 3019454087, 3019454088, 3019454085]",,,residential,,,,,,no,,,,,,,,,,,,,,,,,,,,,,,,,,,,,,,,,,,,,,,,,
way,298030527,,,,,清华大学,,"POLYGON ((116.3140315 40.0104986, 116.31404 40.0103738, 116.3140425 40.0103528, 116.314173 40.0103583, 116.3141623 40.0105042, 116.3140315 40.0104986))",,,yes,"[3019454089, 3019454068, 3019454090, 3019454091, 3019454092, 3019454089]",,,residential,,,,,,no,,,,,,,,,,,,,,,,,,,,,,,,,,,,,,,,,,,,,,,,,
way,298030528,,,,,清华大学,,"POLYGON ((116.3135536 40.0106967, 116.3140261 40.0107224, 116.314035 40.0106266, 116.3139014 40.0106193, 116.3135625 40.0106009, 116.3135536 40.0106967))",,,yes,"[3019454093, 3019454094, 3019454095, 4503942347, 3019454096, 3019454093]",,,residential,,,,,,no,,,,,,,,,,,,,,,,,,,,,,,,,,,,,,,,,,,,,,,,,
way,298030529,,,,,清华大学,,"POLYGON ((116.314108 40.0110998, 116.3141187 40.0110107, 116.3148622 40.0110627, 116.3150832 40.0110781, 116.3150725 40.0111672, 116.314108 40.0110998))",,,yes,"[3019454097, 3019454098, 4503942351, 3019454099, 3019454100, 3019454097]",,,residential,,,,,,no,,,,,,,,,,,,,,,,,,,,,,,,,,,,,,,,,,,,,,,,,
way,298030530,,,,,清华大学,,"POLYGON ((116.3154045 40.0098089, 116.3154159 40.0097097, 116.3155984 40.009722, 116.3160781 40.0097545, 116.3160664 40.009856, 116.3160859 40.0098573, 116.3160791 40.0099163, 116.3159696 40.0099089, 116.3159766 40.0098476, 116.3154045 40.0098089))",,,yes,"[3019454101, 3019454102, 4503942339, 3019454103, 3019454104, 3019454105, 3019454106, 3019454107, 3019454108, 3019454101]",,,residential,,,,,,no,,,,,,,,,,,,,,,,,,,,,,,,,,,,,,,,,,,,,,,,,
way,298030531,,,,,清华大学,,"POLYGON ((116.3146365 40.0097462, 116.3146478 40.0096472, 116.314857 40.0096613, 116.3153009 40.0096912, 116.3152895 40.0097902, 116.3146365 40.0097462))",,,yes,"[3019454109, 3019454110, 4503942353, 3019454111, 3019454112, 3019454109]",,,residential,,,,,,no,,,,,,,,,,,,,,,,,,,,,,,,,,,,,,,,,,,,,,,,,
way,298030532,,,,,清华大学,,"POLYGON ((116.3144943 40.0100289, 116.3146274 40.0100366, 116.3146295 40.0100159, 116.3146412 40.0098903, 116.3145089 40.0098826, 116.3144943 40.0100289))",,,yes,"[3019454113, 3019454114, 3019454118, 3019454115, 3019454116, 3019454113]",,,residential,,,,,,no,,,,,,,,,,,,,,,,,,,,,,,,,,,,,,,,,,,,,,,,,
way,298030533,,,,,清华大学,,"POLYGON ((116.3146205 40.0101064, 116.3146274 40.0100366, 116.3146295 40.0100159, 116.3148044 40.0100261, 116.3152151 40.0100502, 116.3152061 40.0101407, 116.3146205 40.0101064))",,,yes,"[3019454117, 3019454114, 3019454118, 4503942361, 3019454119, 3019454120, 3019454117]",,,residential,,,,,,no,,,,,,,,,,,,,,,,,,,,,,,,,,,,,,,,,,,,,,,,,
way,298030534,,,,,清华大学,,"POLYGON ((116.3149326 40.0108211, 116.3151424 40.010831, 116.3151475 40.0107667, 116.3151164 40.0107652, 116.3151232 40.0106801, 116.3150441 40.0106764, 116.3149829 40.0106735, 116.3149761 40.0107574, 116.3149379 40.0107556, 116.3149326 40.0108211))",,,yes,"[3019454121, 3019454122, 3019454123, 3019454124, 3019454125, 4503942343, 3019454126, 3019454127, 3019454128, 3019454121]",,,residential,,,,,,no,,,,,,,,,,,,,,,,,,,,,,,,,,,,,,,,,,,,,,,,,
way,298030535,,,,,清华大学,,"POLYGON ((116.3151786 40.0105265, 116.3151863 40.0104644, 116.315223 40.010467, 116.3152351 40.0103693, 116.3153112 40.0103748, 116.3153821 40.0103799, 116.3153702 40.0104762, 116.3154017 40.0104785, 116.3153939 40.0105421, 116.3151786 40.0105265))",,,yes,"[3019454129, 3019454130, 3019454131, 3019454132, 4503942365, 3019454133, 3019454134, 3019454135, 3019454136, 3019454129]",,,residential,,,,,,no,,,,,,,,,,,,,,,,,,,,,,,,,,,,,,,,,,,,,,,,,
way,298030536,,,,,清华大学,,"POLYGON ((116.3154337 40.0102294, 116.3156364 40.010239, 116.3156412 40.0101789, 116.3156184 40.0101778, 116.3156258 40.0100861, 116.3155414 40.0100821, 116.3154805 40.0100792, 116.3154727 40.0101753, 116.3154382 40.0101737, 116.3154337 40.0102294))",,,yes,"[3019454137, 3019454138, 3019454139, 3019454140, 3019454141, 4503942359, 3019454142, 3019454143, 3019454144, 3019454137]",,,residential,,,,,,no,,,,,,,,,,,,,,,,,,,,,,,,,,,,,,,,,,,,,,,,,
way,298030537,,,,,清华大学,,"POLYGON ((116.3142827 40.0106989, 116.3144153 40.0107076, 116.314432 40.0105591, 116.3142994 40.0105504, 116.3142827 40.0106989))",,,yes,"[3019454145, 3019454146, 3019454147, 3019454148, 3019454145]",,,residential,,,,,,no,,,,,,,,,,,,,,,,,,,,,,,,,,,,,,,,,,,,,,,,,
way,298030538,,,,,清华大学,,"POLYGON ((116.3143755 40.01036, 116.3145036 40.0103683, 116.3145199 40.0102208, 116.3143918 40.0102125, 116.3143755 40.01036))",,,yes,"[3019454149, 3019454150, 3019454151, 3019454152, 3019454149]",,,residential,,,,,,no,,,,,,,,,,,,,,,,,,,,,,,,,,,,,,,,,,,,,,,,,
way,298030539,,,,,清华大学,,"POLYGON ((116.3145057 40.0104444, 116.3145185 40.0103482, 116.3147079 40.010363, 116.314995 40.0103854, 116.3149823 40.0104816, 116.3145057 40.0104444))",,,yes,"[3019454153, 3019454154, 4503942367, 3019454155, 3019454156, 3019454153]",,,residential,,,,,,no,,,,,,,,,,,,,,,,,,,,,,,,,,,,,,,,,,,,,,,,,
way,298030540,,,,,清华大学,,"POLYGON ((116.3144108 40.0107793, 116.3144193 40.0106915, 116.3146108 40.0107025, 116.3148143 40.0107141, 116.3148057 40.0108019, 116.3144108 40.0107793))",,,yes,"[3019454157, 3019454158, 4503942345, 3019454159, 3019454160, 3019454157]",,,residential,,,,,,no,,,,,,,,,,,,,,,,,,,,,,,,,,,,,,,,,,,,,,,,,
way,354312341,post_office,学生区快递服务站,Student Delivery Service,学生区快递服务站,近邻宝,,"POLYGON ((116.3209518 40.0118404, 116.3211201 40.0118087, 116.3210514 40.0115953, 116.3208832 40.011627, 116.3209518 40.0118404))",,,yes,"[3600454805, 3600454806, 3600454807, 3600454808, 3600454805]",,,yes,,,学生区快递服务站,學生區快遞服務站,,,,,,,,,,,,,,,,,no,,,,,,,,,,,,,,,,,,,,,,,,,,
way,408816988,,资产管理处,,资产管理处,,,"POLYGON ((116.3201769 40.0021524, 116.3204772 40.002162, 116.320484 40.0020381, 116.3203047 40.0020323, 116.3203066 40.0019971, 116.3201856 40.0019932, 116.3201769 40.0021524))",,,,"[4107243800, 4107243801, 9748233328, 4107243802, 9748233329, 4107243803, 4107243800]",,,yes,,,资产管理处,資產管理處,,,,,,,,,,,,,,,,,,,,,,,,,,,,,,,,,,,,,,,,,,,
way,408817713,,清华大学电话局,,清华大学电话局,,,"POLYGON ((116.3201991 40.0018897, 116.320603 40.0018997, 116.3206141 40.0016365, 116.3205155 40.0016341, 116.3205086 40.0017977, 116.3202033 40.0017901, 116.3201991 40.0018897))",,,,"[4107249041, 4107249042, 4107249043, 4107249044, 4107249045, 4107249046, 4107249041]",,,yes,,,清华大学电话局,清華大學電話局,,,,,,,,,,,,,,,,,,,,,,,,,,,,,,,,,,,,,,,,,,,
way,409376794,,十四所,,十四所,清华大学,,"POLYGON ((116.3143638 39.9945948, 116.3144926 39.9937091, 116.3149915 39.99374, 116.3148815 39.9946174, 116.3143638 39.9945948))",,,yes,"[4113020821, 4113020822, 4113020823, 4113020824, 4113020821]",,,residential,,,十四所,十四所,,no,,,,,,,,,,,,,,,,,,,,,,,,,,,,,,,,,,,,,,,,,
way,409376796,,西南2,,西南2,清华大学,,"POLYGON ((116.3151999 39.992156, 116.3152042 39.9920574, 116.3155013 39.9920649, 116.315497 39.9921635, 116.3151999 39.992156))",,,yes,"[4113020825, 4113020826, 4113020827, 4113020828, 4113020825]",,,residential,,,西南2,西南2,,no,,,,,,,,,,,,,,,,,,,,,,,,,,,,,,,,,,,,,,,,,
way,409376797,,西南1,,西南1,清华大学,,"POLYGON ((116.3154095 39.9919118, 116.3154133 39.9918099, 116.3157347 39.991817, 116.3157308 39.9919188, 116.3154095 39.9919118))",,,yes,"[4113020829, 8134204772, 4113020831, 4113020832, 4113020829]",,,residential,,,西南1,西南1,,no,,,,,,,,,,,,,,,,,,,,,,,,,,,,,,,,,,,,,,,,,
way,409380285,,9公寓,,9公寓,清华大学,,"POLYGON ((116.3144126 39.9959651, 116.3144197 39.995861, 116.3151598 39.9958904, 116.3151528 39.9959945, 116.3144126 39.9959651))",,,yes,"[4113037856, 4113037857, 4113037858, 4719884136, 4113037856]",,,residential,,,9公寓,9公寓,,no,,,,,,,,,,,,,,,,,,,,,,,,,,,,,,,,,,,,,,,,,
way,409381512,,教工活动中心,,教工活动中心,清华大学,,"POLYGON ((116.3145923 39.9973032, 116.3146111 39.9970797, 116.3145037 39.9970744, 116.3145178 39.9969063, 116.3149343 39.9969269, 116.3149201 39.9970941, 116.3148252 39.9970894, 116.3148063 39.9973138, 116.3145923 39.9973032))",,,yes,"[4113044781, 7926711828, 7926711827, 4113044782, 4113044783, 7926711825, 7926711826, 4113044784, 4113044781]",,,yes,,,教工活动中心,教工活動中心,,no,,,,,,,,,,,,,,,,,,,,,,,,,,,,,,,,,,,,,,,,,
way,409381513,,2公寓,,2公寓,清华大学,,"POLYGON ((116.3138329 39.9972408, 116.3138389 39.9971674, 116.3145102 39.9971995, 116.3145042 39.997273, 116.3138329 39.9972408))",,,yes,"[4113044785, 4113044786, 4113044787, 4113044788, 4113044785]",,,residential,,,2公寓,2公寓,,no,,,,,,,,,,,,,,,,,,,,,,,,,,,,,,,,,,,,,,,,,
way,409381514,,1公寓,,1公寓,清华大学,,"POLYGON ((116.3148955 39.9972092, 116.3155472 39.9972429, 116.3155403 39.9973211, 116.3148886 39.9972873, 116.3148955 39.9972092))",,,yes,"[4113050889, 4113050890, 4113050891, 4113050892, 4113050889]",,,residential,,,1公寓,1公寓,,no,,,,,,,,,,,,,,,,,,,,,,,,,,,,,,,,,,,,,,,,,
way,451304710,,,,,,,"POLYGON ((116.3127192 40.0107364, 116.3129874 40.0107528, 116.3130069 40.010566, 116.3127387 40.0105495, 116.3127192 40.0107364))",,,,"[4481326733, 4481326734, 4481326732, 4481326731, 4481326733]",,,university,,,,,,,,,,,,,,,,,,,,,,,,,,,,,,,,,,,,,,,,,,,,,,,
way,451306291,,,,,清华大学,,"POLYGON ((116.3186778 40.0112831, 116.3195763 40.0113119, 116.3195838 40.0111744, 116.3188992 40.0111525, 116.3186853 40.0111456, 116.3186778 40.0112831))",,,yes,"[4481339943, 4481339944, 4481339936, 4503942364, 4481339935, 4481339943]",,,residential,,,,,,no,,,,,,,,,,,,,,,,,,,,,,,,,,,,,,,,,,,,,,,,,
way,451306292,,,,,清华大学,,"POLYGON ((116.3161049 40.0102503, 116.3168344 40.0102544, 116.3168359 40.0100982, 116.3165712 40.0100967, 116.3161064 40.0100941, 116.3161049 40.0102503))",,,yes,"[4481339894, 4481339895, 4481339787, 4503942354, 4481339786, 4481339894]",,,residential,,,,,,no,,,,,,,,,,,,,,,,,,,,,,,,,,,,,,,,,,,,,,,,,
way,451306293,,,,,清华大学,,"POLYGON ((116.317613 40.0107469, 116.3183586 40.0107366, 116.3183549 40.0105786, 116.3178426 40.0105856, 116.3176092 40.0105888, 116.317613 40.0107469))",,,yes,"[4481339922, 4481339921, 4481339909, 4503942358, 4481339910, 4481339922]",,,residential,,,,,,no,,,,,,,,,,,,,,,,,,,,,,,,,,,,,,,,,,,,,,,,,
way,451306294,,,,,清华大学,,"POLYGON ((116.3167862 40.0106735, 116.3173548 40.0106899, 116.3173604 40.010575, 116.3167918 40.0105586, 116.3167862 40.0106735))",,,yes,"[4481339919, 4481339920, 4481339908, 4481339907, 4481339919]",,,residential,,,,,,no,,,,,,,,,,,,,,,,,,,,,,,,,,,,,,,,,,,,,,,,,
way,451306295,,,,,清华大学,,"POLYGON ((116.3157321 40.0112076, 116.3162846 40.0112117, 116.3162868 40.011035, 116.3160508 40.0110332, 116.3157343 40.0110309, 116.3157321 40.0112076))",,,yes,"[4481339937, 4481339938, 4481339928, 4503942342, 4481339927, 4481339937]",,,residential,,,,,,no,,,,,,,,,,,,,,,,,,,,,,,,,,,,,,,,,,,,,,,,,
way,451306296,,,,,清华大学,,"POLYGON ((116.3174976 40.0116878, 116.3186322 40.0117227, 116.3186407 40.0115606, 116.3183258 40.0115509, 116.3175061 40.0115257, 116.3174976 40.0116878))",,,yes,"[4481339960, 4481339963, 4481339954, 4503942346, 4481339950, 4481339960]",,,residential,,,,,,no,,,,,,,,,,,,,,,,,,,,,,,,,,,,,,,,,,,,,,,,,
way,451306297,,,,,清华大学,,"POLYGON ((116.3187743 40.0117125, 116.3198472 40.0117248, 116.3198497 40.0115973, 116.3196076 40.0115945, 116.3187768 40.011585, 116.3187743 40.0117125))",,,yes,"[4481339962, 4481339964, 4481339956, 4503942344, 4481339955, 4481339962]",,,residential,,,,,,no,,,,,,,,,,,,,,,,,,,,,,,,,,,,,,,,,,,,,,,,,
way,451306298,,,,,清华大学,,"POLYGON ((116.315483 40.0116487, 116.3162043 40.0116642, 116.3162105 40.0114949, 116.3160021 40.0114905, 116.3154892 40.0114795, 116.3154856 40.0115785, 116.315483 40.0116487))",,,yes,"[4481339957, 4481339958, 4481339948, 4503942350, 4481339947, 4481339953, 4481339957]",,,residential,,,,,,no,,,,,,,,,,,,,,,,,,,,,,,,,,,,,,,,,,,,,,,,,
way,451306299,,,,,清华大学,,"POLYGON ((116.31757 40.0102867, 116.3184525 40.0102888, 116.318453 40.0101676, 116.3178104 40.0101661, 116.3175705 40.0101655, 116.31757 40.0102867))",,,yes,"[4481339896, 4481339898, 4481339891, 4503942340, 4481339890, 4481339896]",,,residential,,,,,,no,,,,,,,,,,,,,,,,,,,,,,,,,,,,,,,,,,,,,,,,,
way,451306300,,,,,清华大学,,"POLYGON ((116.3184927 40.010749, 116.3190426 40.0107551, 116.3190449 40.0106318, 116.3187009 40.010628, 116.3184951 40.0106257, 116.3184927 40.010749))",,,yes,"[4481339923, 4481339924, 4481339914, 4503942356, 4481339911, 4481339923]",,,residential,,,,,,no,,,,,,,,,,,,,,,,,,,,,,,,,,,,,,,,,,,,,,,,,
way,451306301,,,,,清华大学,,"POLYGON ((116.3173709 40.0102872, 116.3173871 40.010132, 116.3168507 40.0100991, 116.3168344 40.0102544, 116.3173709 40.0102872))",,,yes,"[4481339897, 4481339889, 4481339788, 4481339895, 4481339897]",,,residential,,,,,,no,,,,,,,,,,,,,,,,,,,,,,,,,,,,,,,,,,,,,,,,,
way,451306302,,,,,清华大学,,"POLYGON ((116.3163811 40.0116637, 116.3172824 40.0116924, 116.3172907 40.0115402, 116.3170269 40.0115318, 116.3163894 40.0115114, 116.3163811 40.0116637))",,,yes,"[4481339959, 4481339961, 4481339951, 4503942348, 4481339949, 4481339959]",,,residential,,,,,,no,,,,,,,,,,,,,,,,,,,,,,,,,,,,,,,,,,,,,,,,,
way,451306303,,,,,清华大学,,"POLYGON ((116.3164107 40.0106283, 116.3167862 40.0106283, 116.3167862 40.0105091, 116.3166088 40.0105091, 116.3164107 40.0105091, 116.3164107 40.0106283))",,,yes,"[4481339912, 4481339913, 4481339904, 4503942360, 4481339903, 4481339912]",,,residential,,,,,,no,,,,,,,,,,,,,,,,,,,,,,,,,,,,,,,,,,,,,,,,,
way,451306304,,,,,清华大学,,"POLYGON ((116.3184498 40.0103237, 116.3187904 40.0103484, 116.3188039 40.0102397, 116.3184632 40.010215, 116.3184498 40.0103237))",,,yes,"[4481339899, 4481339900, 4481339893, 4481339892, 4481339899]",,,residential,,,,,,no,,,,,,,,,,,,,,,,,,,,,,,,,,,,,,,,,,,,,,,,,
way,451306305,,,,,清华大学,,"POLYGON ((116.3151125 40.0115702, 116.3154856 40.0115785, 116.3154892 40.0114795, 116.3154905 40.0114177, 116.3151186 40.0114095, 116.3151125 40.0115702))",,,yes,"[4481339952, 4481339953, 4481339947, 4481339946, 4481339945, 4481339952]",,,residential,,,,,,no,,,,,,,,,,,,,,,,,,,,,,,,,,,,,,,,,,,,,,,,,
way,451306306,,,,,清华大学,,"POLYGON ((116.3155711 40.0106652, 116.3159332 40.0106673, 116.3159343 40.0105523, 116.3155722 40.0105502, 116.3155711 40.0106652))",,,yes,"[4481339917, 4481339918, 4481339906, 4481339905, 4481339917]",,,residential,,,,,,no,,,,,,,,,,,,,,,,,,,,,,,,,,,,,,,,,,,,,,,,,
way,451306307,,,,,清华大学,,"POLYGON ((116.3165796 40.0112507, 116.3173481 40.011262, 116.317352 40.0111072, 116.3169517 40.0111013, 116.3165835 40.0110959, 116.3165796 40.0112507))",,,yes,"[4481339939, 4481339941, 4481339930, 4503942368, 4481339929, 4481339939]",,,residential,,,,,,no,,,,,,,,,,,,,,,,,,,,,,,,,,,,,,,,,,,,,,,,,
way,451306308,,,,,清华大学,,"POLYGON ((116.3159439 40.0106344, 116.3163168 40.0106385, 116.3163192 40.0105071, 116.3161209 40.0105049, 116.3159464 40.010503, 116.3159439 40.0106344))",,,yes,"[4481339915, 4481339916, 4481339902, 4503942362, 4481339901, 4481339915]",,,residential,,,,,,no,,,,,,,,,,,,,,,,,,,,,,,,,,,,,,,,,,,,,,,,,
way,451306309,,,,,清华大学,,"POLYGON ((116.3175834 40.0112605, 116.3183076 40.0112646, 116.3183089 40.0111352, 116.3177667 40.0111321, 116.3176612 40.0111315, 116.3175847 40.0111311, 116.3175834 40.0112605))",,,yes,"[4481339940, 4481339942, 4481339934, 4503942729, 4503942366, 4481339932, 4481339940]",,,residential,,,,,,no,,,,,,,,,,,,,,,,,,,,,,,,,,,,,,,,,,,,,,,,,
way,451306310,,,,,清华大学,,"POLYGON ((116.3153405 40.0111213, 116.3157213 40.0111336, 116.3157299 40.0109776, 116.3153491 40.0109653, 116.3153405 40.0111213))",,,yes,"[4481339931, 4481339933, 4481339926, 4481339925, 4481339931]",,,residential,,,,,,no,,,,,,,,,,,,,,,,,,,,,,,,,,,,,,,,,,,,,,,,,
way,451318334,,高电压及绝缘技术研究所,Institute of High Voltage and Insulation Technology,高电压及绝缘技术研究所,清华大学,,"POLYGON ((116.3280494 40.0062991, 116.3283441 40.0063047, 116.3283564 40.0059274, 116.3281603 40.0059237, 116.3281516 40.0061872, 116.3280531 40.0061853, 116.3280494 40.0062991))",,,yes,"[4481447337, 4481447338, 4481447334, 4481447333, 8689841343, 8689841342, 4481447337]",,,yes,,,高电压及绝缘技术研究所,高電壓及絕緣技術研究所,,no,,,,,,,,,,,,,1,,,,,,,,,,,,,,,,,,,,,,,,,,,,
way,451335313,,清华大学艺术博物馆,Tsinghua University Art Museum,清华大学艺术博物馆,清华大学,,"POLYGON ((116.3285564 40.0008237, 116.3303656 40.0008666, 116.3303737 40.000665, 116.3298465 40.0006525, 116.3298497 40.0005729, 116.3303837 40.0005855, 116.3303936 40.0003408, 116.3285777 40.0002977, 116.3285564 40.0008237))",,,yes,"[4481615182, 4481615183, 7631857872, 7631857875, 7631857874, 7631857873, 4481615181, 4481615178, 4481615182]",yes,,yes,,,清华大学艺术博物馆,清華大學藝術博物館,,no,,,,北京市海淀区,,,,,,,,public,,,,,,,,,,,,museum,,,100084,,,,,,,,art,,,,,,
way,451335314,,蒙民伟科技大楼,Mong Man-wei Science Technology Bldg,蒙民伟科技大楼,清华大学,,"POLYGON ((116.3293307 40.0053644, 116.3301829 40.0053821, 116.330209 40.0046459, 116.3300767 40.0046432, 116.3293717 40.0046285, 116.3293656 40.0048001, 116.3299399 40.004812, 116.3299262 40.0051972, 116.329337 40.0051849, 116.3293307 40.0053644))",,,yes,"[4481615521, 4481615522, 4481615508, 4481615507, 4481615506, 4481615511, 4481615512, 4481615517, 4481615516, 4481615521]",,,yes,,,蒙民伟科技大楼,蒙民偉科技大樓,,no,,,,,,,,,,,,,,,,,,,,,,,,,,,,,,,,,,,,,,,,,
way,451335315,,印刷厂,Printing Center,印刷厂,清华大学,,"POLYGON ((116.3282526 40.0049661, 116.3284494 40.0049716, 116.328462 40.0047078, 116.3290825 40.0047252, 116.3290898 40.0045733, 116.328425 40.0045547, 116.3282724 40.0045504, 116.3282526 40.0049661))",,,yes,"[4481615514, 4481615515, 4481615509, 4481615510, 4481615505, 4481615504, 4481615503, 4481615514]",,,yes,,,印刷厂,印刷廠,,no,,,,,,,,,,,,,,,,,,,,,,,,,,,,,,,,,,,,,,,,,
way,451335316,,人环楼,Renhuan Building,人环楼,清华大学,,"POLYGON ((116.3134616 40.0059799, 116.3136982 40.0059972, 116.3137767 40.0053665, 116.3133617 40.0053362, 116.3133399 40.0055113, 116.3134275 40.0055176, 116.3133903 40.0058165, 116.3134811 40.0058231, 116.3134616 40.0059799))",,,yes,"[4481615531, 4481615532, 4481615524, 4481615523, 4481615527, 4481615528, 4481615529, 4481615530, 4481615531]",,,yes,,,人环楼,人環樓,,no,,,,,,,,,,,,,,,,,,,,,,,,,,,,,,,,,,,,,,,,,
way,451335317,,大五金库,Wu Jin Ku,大五金库,清华大学,,"POLYGON ((116.328269 40.0044146, 116.3285587 40.0044248, 116.3286014 40.003718, 116.3283117 40.0037078, 116.328269 40.0044146))",,,yes,"[4481615500, 4481615502, 4481615494, 4481615493, 4481615500]",,,yes,,,大五金库,大五金庫,,no,,,,,,,,,,,,,,,,,,,,,,,,,,,,,,,,,,,,,,,,,
way,451335318,,编教中心,Editing Center,编教中心,清华大学,,"POLYGON ((116.3282119 40.0054003, 116.3289414 40.005425, 116.3289587 40.0051244, 116.3282292 40.0050997, 116.3282119 40.0054003))",,,yes,"[4481615525, 4481615526, 4481615520, 4481615519, 4481615525]",,,yes,,,编教中心,編教中心,,no,,,,,,,,,,,,,,,,,,,,,,,,,,,,,,,,,,,,,,,,,
way,451338305,,,,,,,"POLYGON ((116.3212846 39.9993167, 116.3216351 39.9993009, 116.3216285 39.9992145, 116.3215632 39.9992175, 116.3215524 39.9990758, 116.3212671 39.9990887, 116.3212846 39.9993167))",,,,"[4481648177, 4481648176, 10198894140, 10198894141, 4481648174, 4481648175, 4481648177]",,,commercial,,,,,,,,,,,,,,,,,,,,,,,,,,,,,,,,,,,,,,,,,,,,,,,
way,453690523,,高中楼,,高中楼,清华大学,,"POLYGON ((116.3129343 40.0092724, 116.3129491 40.0090907, 116.313047 40.0090953, 116.3130449 40.0091205, 116.3132842 40.0091319, 116.3132862 40.0091067, 116.3138693 40.0091344, 116.3138673 40.0091597, 116.3139964 40.0091659, 116.3139837 40.0093223, 116.3129343 40.0092724))",,,yes,"[4503942673, 4503942656, 4503942657, 4503942660, 4503942661, 4503942659, 4503942662, 4503942665, 4503942667, 4503942679, 4503942673]",,,school,,,高中楼,高中樓,,no,,,,,,,,,,,,,,,,,,,,,,,,,,,,,,,,,,,,,,,,,
way,453690524,,华实楼D,,实验楼,清华大学,,"POLYGON ((116.3141238 40.009376, 116.3141301 40.0092801, 116.3141703 40.0092817, 116.3141861 40.0090423, 116.3144098 40.0090502, 116.3144139 40.008983, 116.3144557 40.0089845, 116.3148094 40.0089984, 116.3147894 40.0093018, 116.3147441 40.0093001, 116.3147381 40.00939, 116.3142734 40.009372, 116.3142727 40.0093818, 116.3141238 40.009376))",,,yes,"[4503942683, 4503942674, 4503942675, 4503942652, 4503942653, 4503942642, 4503942644, 4503942646, 4503942678, 4503942677, 4503942685, 4503942682, 4503942684, 4503942683]",,,school,,,实验楼,實驗樓,,no,,,,,,,,,,,,,,,,,,,,,,,,,,,,,,,,,,,,,,,,,
way,453690525,,初中楼,,初中楼,清华大学,,"POLYGON ((116.3129944 40.0085493, 116.313108 40.0085546, 116.3131904 40.0085585, 116.3132414 40.0085092, 116.3132955 40.0085118, 116.3132929 40.008543, 116.3137147 40.0085633, 116.3137176 40.0085287, 116.3140464 40.0085444, 116.3140406 40.0086167, 116.3143165 40.0086298, 116.3143222 40.0085599, 116.3146596 40.008576, 116.3146555 40.0086272, 116.3148379 40.0086359, 116.3148509 40.0084752, 116.3147166 40.0084688, 116.3147145 40.0084957, 116.3143316 40.0084778, 116.3143339 40.0084495, 116.3140391 40.0084357, 116.3140374 40.0084569, 116.3136863 40.0084404, 116.3136893 40.0084026, 116.3130086 40.0083707, 116.3129944 40.0085493))",,,yes,"[4503942608, 9953902578, 4503942609, 4503942603, 4503942604, 4503942607, 4503942611, 4503942605, 4503942606, 4503942616, 4503942617, 4503942610, 4503942614, 4503942618, 4503942620, 4503942600, 4503942599, 4503942602, 4503942601, 4503942597, 4503942595, 4503942598, 4503942596, 4503942594, 4503942593, 4503942608]",,,school,,,初中楼,初中樓,,no,,,,,,,,,,,,,,,,,,,,,,,,,,,,,,,,,,,,,,,,,
way,453690526,,,,,清华大学,,"POLYGON ((116.3175847 40.0111311, 116.3176612 40.0111315, 116.3177667 40.0111321, 116.3177787 40.0107531, 116.3175957 40.01075, 116.3175847 40.0111311))",,,yes,"[4481339932, 4503942366, 4503942729, 4503942728, 4503942727, 4481339932]",,,school,,,,,,no,,,,,,,,,,,,,,,,,,,,,,,,,,,,,,,,,,,,,,,,,
way,453690527,,,,,清华大学,,"POLYGON ((116.3175992 40.0098118, 116.3178513 40.0098406, 116.3179235 40.0094696, 116.3176713 40.0094409, 116.3175992 40.0098118))",,,yes,"[4503942714, 4503942718, 4503942693, 4503942691, 4503942714]",,,yes,,,,,,no,,,,,,,,,,,,,,,,,,,,,,,,,,,,,,,,,,,,,,,,,
way,453690528,,,,,清华大学,,"POLYGON ((116.3172613 40.0094091, 116.3174329 40.0094338, 116.3174679 40.0092909, 116.3172962 40.0092662, 116.3172613 40.0094091))",,,yes,"[4503942687, 4503942688, 4503942676, 4503942672, 4503942687]",,,yes,,,,,,no,,,,,,,,,,,,,,,,,,,,,,,,,,,,,,,,,,,,,,,,,
way,453690529,,,,,清华大学,,"POLYGON ((116.317331 40.0098241, 116.3175348 40.009857, 116.3175795 40.0096946, 116.3173756 40.0096618, 116.317331 40.0098241))",,,yes,"[4503942716, 4503942720, 4503942707, 4503942703, 4503942716]",,,yes,,,,,,no,,,,,,,,,,,,,,,,,,,,,,,,,,,,,,,,,,,,,,,,,
way,453690530,,,,,清华大学,,"POLYGON ((116.3168804 40.0095776, 116.3171432 40.0096187, 116.3172015 40.0094, 116.3169386 40.009359, 116.3168804 40.0095776))",,,yes,"[4503942700, 4503942702, 4503942686, 4503942681, 4503942700]",,,yes,,,,,,no,,,,,,,,,,,,,,,,,,,,,,,,,,,,,,,,,,,,,,,,,
way,453690531,,清华北区便民果蔬超市,,清华北区便民果蔬超市,清华大学,,"POLYGON ((116.3165692 40.009557, 116.3167302 40.0095817, 116.3168546 40.0091052, 116.3166937 40.0090806, 116.3165692 40.009557))",,,yes,"[4503942699, 4503942701, 4503942658, 4503942655, 4503942699]",,,yes,,,清华北区便民果蔬超市,清華北區便民果蔬超市,,,,,,,,,,,,,,,,,,,,,,,,,,,,,,,,,,,,,,supermarket,,,,,
way,453690532,,篮球馆,,篮球馆,清华大学,,"POLYGON ((116.3148775 40.0094378, 116.3153013 40.0094625, 116.3153313 40.0091599, 116.3149075 40.0091352, 116.3148775 40.0094378))",,,yes,"[4503942689, 4503942692, 4503942666, 4503942663, 4503942689]",,,yes,,,篮球馆,籃球館,,no,,,,,,,,,,,,,,,,,,,,,,,,,,,,,,,,,,,,,,,,,
way,453690533,,,,,清华大学,,"POLYGON ((116.3181932 40.0095983, 116.3183292 40.009527, 116.3180275 40.0091894, 116.3178914 40.0092608, 116.3181932 40.0095983))",,,yes,"[4503942698, 4503942694, 4503942668, 4503942671, 4503942698]",,,yes,,,,,,no,,,,,,,,,,,,,,,,,,,,,,,,,,,,,,,,,,,,,,,,,
way,453690534,,,,,清华大学,,"POLYGON ((116.3148976 40.0090177, 116.31505 40.0090283, 116.3152056 40.0077176, 116.3150532 40.007707, 116.3148976 40.0090177))",,,yes,"[4503942648, 4503942650, 4503942592, 4503942591, 4503942648]",,,yes,,,,,,no,,,,,,,,,,,,,,,,,,,,,,,,,,,,,,,,,,,,,,,,,
way,453690535,,,,,清华大学,,"POLYGON ((116.3179801 40.0098899, 116.3180874 40.0098899, 116.3180874 40.0098077, 116.3179801 40.0098077, 116.3179801 40.0098899))",,,yes,"[4503942722, 4503942723, 4503942713, 4503942712, 4503942722]",,,yes,,,,,,no,,,,,,,,,,,,,,,,,,,,,,,,,,,,,,,,,,,,,,,,,
way,453690536,,,,,清华大学,,"POLYGON ((116.3181625 40.0098981, 116.3182879 40.0098639, 116.3186292 40.0097707, 116.3185954 40.0096981, 116.3181287 40.0098255, 116.3181625 40.0098981))",,,yes,"[4503942724, 4503942721, 4503942710, 4503942708, 4503942717, 4503942724]",,,yes,,,,,,no,,,,,,,,,,,,,,,,,,,,,,,,,,,,,,,,,,,,,,,,,
way,453690537,,,,,清华大学,,"POLYGON ((116.3168053 40.0097912, 116.3169387 40.0098173, 116.3171003 40.0098488, 116.3171337 40.0097484, 116.3170242 40.0097271, 116.3168386 40.0096909, 116.3168053 40.0097912))",,,yes,"[4503942711, 4503942715, 4503942719, 4503942709, 10290584982, 4503942705, 4503942711]",,,yes,,,,,,no,,,,,,,,,,,,,,,,,,,,,,,,,,,,,,,,,,,,,,,,,
way,453690538,,,,,清华大学,,"POLYGON ((116.3140562 40.0075184, 116.3140469 40.007657, 116.3142977 40.0076668, 116.3143117 40.0074584, 116.3141501 40.0074547, 116.3141453 40.0075222, 116.3140562 40.0075184))",,,yes,"[4503942385, 4503942589, 4503942590, 4503942383, 4503942381, 4503942386, 4503942385]",,,school,,,,,,no,,,,,,,,,,,,,,,,,,,,,,,,,,,,,,,,,,,,,,,,,
way,453690539,,,,,清华大学,,"POLYGON ((116.3128119 40.0103251, 116.3130398 40.0103395, 116.3131272 40.009527, 116.3128992 40.0095126, 116.3128119 40.0103251))",,,yes,"[4503942725, 4503942726, 4503942697, 4503942696, 4503942725]",,,university,,,,,,no,,,,,,,,,,,,,,,,,,,,,,,,,,,,,,,,,,,,,,,,,
way,453690540,,,,,,,"POLYGON ((116.3141861 40.0090423, 116.3141509 40.009041, 116.314163 40.0088412, 116.3144636 40.0088518, 116.3144557 40.0089845, 116.3144139 40.008983, 116.3144098 40.0090502, 116.3141861 40.0090423))",,,,"[4503942652, 4503942651, 4503942631, 4503942632, 4503942644, 4503942642, 4503942653, 4503942652]",,,school,,,,,,,,,,,,,,,,,,,,,,,,,,,,,,,,,,,,,,,,,,,,,,,
way,453690543,,,,,,,"POLYGON ((116.3174775 40.0087753, 116.3169692 40.0087363, 116.3169739 40.0087001, 116.316639 40.0086744, 116.3166535 40.0085628, 116.3169869 40.0085883, 116.3169802 40.0086398, 116.3174901 40.0086789, 116.3174775 40.0087753))",,,,"[4503942627, 4503942626, 4503942624, 4503942623, 4503942613, 4503942612, 4503942615, 4503942619, 4503942627]",,,residential,,,,,,,,,,,,,,,,,,,,,,,,,,,,,,,,,,,,,,,,,,,,,,,
way,453690544,,,,,清华大学,,"POLYGON ((116.3135331 40.007528, 116.3136495 40.0075329, 116.3136518 40.0075014, 116.3140562 40.0075184, 116.3141453 40.0075222, 116.3141501 40.0074547, 116.3141019 40.0074526, 116.3141041 40.007423, 116.3135423 40.0073993, 116.3135331 40.007528))",,,yes,"[4503942387, 4503942388, 4503942384, 4503942385, 4503942386, 4503942381, 4503942382, 4503942380, 4503942379, 4503942387]",,,school,,,,,,no,,,,,,,,,,,,,,,,,,,,,,,,,,,,,,,,,,,,,,,,,
way,544328791,restaurant,清芬园餐厅,Qingfenyuan Cafeteria,清芬园餐厅,,,"POLYGON ((116.3217825 40.004771, 116.3219378 40.0047855, 116.3221658 40.0050214, 116.3221845 40.0047643, 116.3222399 40.0047666, 116.3222518 40.0045026, 116.3223042 40.0045035, 116.322322 40.0042323, 116.3221562 40.0042237, 116.3221612 40.0041634, 116.3219593 40.0041563, 116.3219568 40.0041909, 116.3218219 40.0041849, 116.3217825 40.004771))",,,limited,"[5261953948, 5261953949, 5261953950, 5261953951, 5261953952, 5261953953, 5261953954, 5261953955, 5261953956, 5261953957, 8000890914, 5261953958, 5261953959, 5261953948]",yes,no,yes,chinese,,清芬园餐厅,清芬園餐廳,,no,yes,,,,,,,,,,,,,,wlan,customers,,,,,,,,,,,,,,,,,,,,,,,,,
way,659826161,,,,,,,"POLYGON ((116.3166873 40.0018519, 116.317007 40.0018689, 116.3170156 40.0017745, 116.3169123 40.001769, 116.3169187 40.0016985, 116.3170166 40.0017037, 116.3170253 40.0016076, 116.316719 40.0015913, 116.3167107 40.0016826, 116.3168265 40.0016888, 116.3168197 40.0017631, 116.3166959 40.0017565, 116.3166873 40.0018519))",,,,"[6177640585, 6177640484, 6177640483, 6177640482, 6177640481, 6177640480, 6177640479, 6177640478, 6177640477, 6177640476, 6177640475, 6177640474, 6177640585]",,,university,,,,,,,,,1,,,,,,,,,,,,,,,,,,,,,,,,,,,,,,,,,,,,,,
way,662609741,,刘卿楼（工物系新馆）,,刘卿楼（工物系新馆）,清华大学,,"POLYGON ((116.3292425 40.0021723, 116.329255 40.0019674, 116.3299412 40.0019921, 116.3299287 40.0021969, 116.3292425 40.0021723))",,,yes,"[6203158571, 6203158572, 6203158573, 6203158574, 6203158571]",,,college,,,刘卿楼（工物系新馆）,劉卿樓（工物系新館）,,no,,,11,,,,,,,,,,,,,,,,,,,,,,,,,,,,,,,,,,,,,,
way,743191144,,,,,清华大学,,"POLYGON ((116.3223592 40.0061519, 116.3223688 40.0060378, 116.3224306 40.0060408, 116.322421 40.0061549, 116.3223592 40.0061519))",,,yes,"[6956583356, 6956583355, 6956583354, 6956583353, 6956583356]",,,residential,,,,,,no,,,,,,,,,,,,,1,,,,,,,,,,,,,,,,,,,,,,,,,,,,
way,743595592,,,,,清华大学,,"POLYGON ((116.3249531 39.9999338, 116.3249649 39.9997098, 116.3248447 39.9997061, 116.3248329 39.9999301, 116.3249531 39.9999338))",,,yes,"[937453401, 6959725315, 6959725314, 6959725313, 937453401]",,,yes,,,,,,no,,,,,,,,,,,,,1,,,,,,,,,,,,,,,,,,,,,,,,,,,,
way,743595593,,西配楼,,西配楼,清华大学,,"POLYGON ((116.3241118 39.9995861, 116.3241238 39.9993569, 116.3243191 39.9993629, 116.3243176 39.9993908, 116.3248318 39.9994067, 116.3248333 39.999378, 116.3249902 39.9993828, 116.324973 39.99971, 116.3249649 39.9997098, 116.3248447 39.9997061, 116.3248253 39.9997055, 116.3248344 39.9995314, 116.32432 39.9995156, 116.324316 39.9995924, 116.3241118 39.9995861))",,,yes,"[937453415, 937453414, 937453412, 937453410, 937453408, 937453407, 937453405, 937453403, 6959725315, 6959725314, 6959725316, 983373906, 937453418, 937453416, 937453415]",,,university,,,西配楼,西配樓,,no,,,,,,,,,,,,,1,,,,,,,,,,,,,,,,,,,,,,,,,,,,
way,743595594,,建筑馆新馆,,建筑馆新馆,清华大学,,"POLYGON ((116.3272967 39.9983889, 116.3276137 39.9983985, 116.327626 39.9981608, 116.3273093 39.9981513, 116.3272967 39.9983889))",,,yes,"[6959725323, 6959725320, 6959725319, 6959725322, 6959725323]",,,university,,,建筑馆新馆,建築館新館,,no,,,,,,,,,,,,,,,,,,,,,,,,,,,,,,,,,,,,,,,,,
way,757329007,,生物医学馆,,生物医学馆,清华大学,,"POLYGON ((116.3138598 40.0060506, 116.3143338 40.0060789, 116.3143263 40.0061532, 116.3146659 40.0061735, 116.3146978 40.0058606, 116.3145182 40.0058499, 116.3145335 40.0056995, 116.3147851 40.0057146, 116.3148092 40.0054781, 116.3143065 40.005448, 116.3143155 40.0053591, 116.3140007 40.0053403, 116.3139678 40.0056629, 116.3141454 40.0056735, 116.3141293 40.0058316, 116.3138837 40.0058169, 116.3138598 40.0060506))",,,yes,"[7072425613, 7072425614, 7072425615, 7072425616, 7072425617, 7072425618, 7072425619, 7072425620, 7072425621, 7072425622, 7072425623, 7072425624, 7072425625, 7072425626, 7072425627, 7072425628, 7072425613]",,,yes,,,生物医学馆,生物醫學館,,no,,,,,,,,,,,,,,,,,,,,,,,,,,6,,,,,,,,,,,,,,,
way,757329008,,郑裕彤医学楼,,郑裕彤医学楼,,,"POLYGON ((116.3112918 40.0027902, 116.3119083 40.0028206, 116.3119163 40.002722, 116.312163 40.0027261, 116.3121791 40.0025699, 116.3120745 40.0024425, 116.3113236 40.0024056, 116.3112918 40.0027902))",,,,"[9003302405, 7072425630, 7072425631, 7072425632, 7072425633, 7072425634, 7072425635, 9003302405]",,,yes,,,郑裕彤医学楼,鄭裕彤醫學樓,,,,,,,,,,,,,,,,,,,,,,,,,,,,,,,,,,,,,,,,,,,
way,757329010,,英士楼,,英士楼,清华大学,,"POLYGON ((116.3296768 40.0019269, 116.3301086 40.001942, 116.330121 40.0017344, 116.3296892 40.0017193, 116.3296768 40.0019269))",,,yes,"[7072425644, 7072425645, 7072425646, 7072425647, 7072425644]",,,university,,,英士楼,英士樓,,no,,,,,,,,,,,,,,,,,,,,,,,,,,,,,,,,,,,,,,,,,
way,757329011,,伟清楼,,伟清楼,清华大学,,"POLYGON ((116.3300037 40.0016958, 116.3303953 40.0017085, 116.3304083 40.0014723, 116.3300166 40.0014597, 116.3300037 40.0016958))",,,yes,"[7072425648, 7072425649, 7072425650, 7072425651, 7072425648]",,,university,,,伟清楼,偉清樓,,no,,,,,,,,,,,,,,,,,,,,,,,,,,,,,,,,,,,,,,,,,
way,757477174,,修缮校园管理中心,,修缮校园管理中心,清华大学,,"POLYGON ((116.3298979 40.0036189, 116.3302889 40.0036271, 116.330319 40.0027878, 116.329928 40.0027796, 116.3298979 40.0036189))",,,yes,"[7073991753, 7073991754, 7073991755, 7073991756, 7073991753]",,,yes,,,修缮校园管理中心,修繕校園管理中心,,no,,,,,,,,,,,,,,,,,,,,,,,,,,,,,,,,,,,,,,,,,
way,817157928,,法律图书馆,Law Library,,,,"POLYGON ((116.3224577 39.9981807, 116.3224756 39.9977517, 116.3230986 39.997767, 116.3230807 39.998196, 116.3224577 39.9981807))",,,yes,"[7631857838, 7631857837, 7631857836, 7631857835, 7631857838]",,,yes,,,,,,no,,,,,,,,,,,,,,,,,,,,,,,,,,,,,,,,,Q14477790,en:Tsinghua University School of Law,,,,,,,
way,817157929,,西阶梯教室,,西阶梯教室,清华大学,,"POLYGON ((116.3274366 40.0006377, 116.3275659 40.0006419, 116.3276571 40.0006152, 116.3277161 40.0005618, 116.3277215 40.0005002, 116.3276705 40.0004447, 116.3275847 40.0004118, 116.3274482 40.0004036, 116.3274366 40.0006377))",,,yes,"[7631857846, 7631857845, 7631857844, 7631857843, 7631857842, 7631857841, 7631857840, 7631857839, 7631857846]",,,yes,,,西阶梯教室,西階梯教室,,no,,,,,,,,,,,,,,,,,,,,,,,,,,,,,,,,,,,,,,,,,
way,852646108,library,李文正馆,Mochtar Riady Library,李文正馆,,,"POLYGON ((116.3181547 40.0039914, 116.3181213 40.0044199, 116.3178125 40.0044074, 116.3174188 40.0043914, 116.3174329 40.0041745, 116.3169923 40.0041556, 116.3170072 40.0039365, 116.3176714 40.0039683, 116.3181547 40.0039914))",,private,yes,"[7953824146, 7953824142, 7953824173, 7953824143, 7953824144, 7953824145, 6138927696, 7953824147, 7953824146]",yes,,yes,,,李文正馆,李文正館,,,,,,,,,,,,,,,,,yes,customers,,,,,,,,,,,,,,,,,,,,,,,,,
way,852646109,library,老馆,Old Library,老馆,清华大学,,"POLYGON ((116.319131 40.0029167, 116.3193026 40.0029222, 116.3192867 40.0031038, 116.3195769 40.0031228, 116.3195415 40.0035606, 116.3191982 40.0035471, 116.3190407 40.0036704, 116.318656 40.0036549, 116.3186279 40.0039295, 116.31862 40.0040152, 116.3182601 40.0039968, 116.3181547 40.0039914, 116.3176714 40.0039683, 116.3176799 40.0038811, 116.3176848 40.0038316, 116.3182702 40.0038614, 116.318432 40.0038697, 116.3184479 40.0036501, 116.3181984 40.0036379, 116.3182072 40.0034874, 116.3184656 40.0034996, 116.3184798 40.0034766, 116.318662 40.0034847, 116.3186903 40.0035118, 116.3189275 40.003524, 116.319085 40.003421, 116.3190991 40.0032353, 116.3190443 40.0032299, 116.3190602 40.0030753, 116.3191115 40.0030794, 116.319131 40.0029167))",,private,yes,"[7953824149, 7953824150, 7953824151, 7953824152, 7953824153, 7953824154, 7953824155, 7953824156, 7953824148, 7953824157, 9004119536, 7953824146, 7953824147, 4719688696, 7953824158, 9004119535, 7953824159, 7953824160, 7953824161, 7953824162, 7953824163, 7953824164, 7953824165, 7953824166, 7953824167, 7953824168, 7953824169, 7953824170, 7953824171, 7953824172, 7953824149]",yes,,yes,,,老馆,老館,,,,,,,,,,,,,,government,,,yes,customers,,,,,,,,,,,,,,,,,,,,,,,,,
way,856849934,,古月堂,,古月堂,清华大学,,"POLYGON ((116.3155245 40.0013261, 116.3161206 40.0013574, 116.3161537 40.0011015, 116.3155572 40.0010703, 116.3155245 40.0013261))",,,yes,"[7988927187, 7988927188, 7988927189, 7988927190, 7988927187]",yes,,yes,,,古月堂,古月堂,,no,,,,,,,,,,,,,,,,,,,,,,,,,,,,,,,,,,,,,yes,,,,
way,915703010,,汽车碰撞实验室,,汽车碰撞实验室,清华大学,,"POLYGON ((116.3285948 40.0067094, 116.3297674 40.0067063, 116.3297665 40.0065038, 116.3294706 40.0065046, 116.3294708 40.0065502, 116.3292014 40.0065508, 116.3292012 40.0065153, 116.3289088 40.0065161, 116.3289087 40.0064734, 116.3285938 40.0064743, 116.3285948 40.0067094))",,,yes,"[8505826647, 8505826648, 8505826649, 8505826650, 8505826651, 8505826652, 8505826653, 8505826654, 8505826655, 8505826656, 8505826647]",,,yes,,,汽车碰撞实验室,汽車碰撞實驗室,,no,,,,,,,,,,,,,,,,,,,,,,,,,,,,,,,,,,,,,,,,,
way,915703011,,,,,清华大学,,"POLYGON ((116.3285994 40.0069194, 116.3294935 40.0069144, 116.3294922 40.006773, 116.328598 40.006778, 116.3285994 40.0069194))",,,yes,"[8505826657, 8505826658, 8505826659, 8505826660, 8505826657]",,,yes,,,,,,no,,,,,,,,,,,,,,,,,,,,,,,,,,,,,,,,,,,,,,,,,
way,915703012,,化学工程实验楼,,化学工程实验楼,清华大学,,"POLYGON ((116.3288219 40.0071632, 116.3291953 40.0071592, 116.3291932 40.0070439, 116.3288198 40.0070479, 116.3288219 40.0071632))",,,yes,"[8505826661, 8505826662, 8505826663, 8505826664, 8505826661]",,,yes,,,化学工程实验楼,化學工程實驗樓,,no,,,,,,,,,,,,,,,,,,,,,,,,,,,,,,,,,,,,,,,,,
way,915703013,,,,,清华大学,,"POLYGON ((116.3287781 40.0076436, 116.3291477 40.0076428, 116.3291472 40.0075281, 116.3287777 40.0075289, 116.3287781 40.0076436))",,,yes,"[8505826665, 8505826666, 8505826667, 8505826668, 8505826665]",,,yes,,,,,,no,,,,,,,,,,,,,,,,,,,,,,,,,,,,,,,,,,,,,,,,,
way,915703014,,流体力学实验室,,流体力学实验室,清华大学,,"POLYGON ((116.3288432 40.0074587, 116.3288415 40.0073124, 116.3289292 40.0073118, 116.3289299 40.0073707, 116.3291022 40.0073695, 116.3291014 40.007306, 116.3291808 40.0073055, 116.3291826 40.0074564, 116.3288432 40.0074587))",,,yes,"[8505826669, 8505826670, 8505826671, 8505826672, 8505826673, 8505826674, 8505826675, 8505826676, 8505826669]",,,yes,,,流体力学实验室,流體力學實驗室,,no,,,,,,,,,,,,,,,,,,,,,,,,,,,,,,,,,,,,,,,,,
way,915703015,,加速器实验室,,加速器实验室,清华大学,,"POLYGON ((116.3283661 40.0015198, 116.3286758 40.0015347, 116.3286698 40.0016086, 116.3285091 40.0016009, 116.3284966 40.0017536, 116.3290512 40.0017803, 116.329089 40.001319, 116.3288123 40.0013057, 116.3288033 40.0014151, 116.3283764 40.0013945, 116.3283661 40.0015198))",,,yes,"[8505826677, 8505826678, 8505826679, 8505826680, 8505826681, 8505826682, 8505826683, 8505826684, 8505826685, 8505826686, 8505826677]",,,yes,,,加速器实验室,加速器實驗室,,no,,,,,,,,,,,,,,,,,,,,,,,,,,,,,,,,,,,,,,,,,
way,915703016,,,,,清华大学,,"POLYGON ((116.3212397 39.9987089, 116.3212123 39.9983659, 116.3215908 39.998347, 116.3216124 39.9986919, 116.3212397 39.9987089))",,,yes,"[8505826687, 8505826688, 8505826689, 8505826690, 8505826687]",,,commercial,,,,,,no,,,,,,,,,,,,,,,,,,,,,,,,,,,,,,,,,,,,,,,,,
way,915703017,,,,,,,"POLYGON ((116.3144588 39.9975379, 116.3144686 39.9974278, 116.3137202 39.9973888, 116.3137104 39.9974989, 116.3144588 39.9975379))",,,,"[8505826691, 8505826692, 8505826693, 8505826694, 8505826691]",,,retail,,,,,,,,,,,,,,,,,,,,,,,,,,,,,,,,,,,,,,,,,,,,,,,
way,915703018,,,,,,,"POLYGON ((116.313002 39.9974514, 116.3132479 39.9974669, 116.3132595 39.997359, 116.3130136 39.9973435, 116.313002 39.9974514))",,,,"[8505826695, 8505826696, 8505826697, 8505826698, 8505826695]",,,retail,,,,,,,,,,,,,,,,,,,,,,,,,,,,,,,,,,,,,,,,,,,,,,,
way,915703019,,面包坊,,面包坊,清华大学,,"POLYGON ((116.3132972 39.9972343, 116.3136471 39.9972576, 116.3136798 39.996968, 116.3135194 39.9969574, 116.3135053 39.9970819, 116.3133158 39.9970693, 116.3132972 39.9972343))",,,yes,"[8505826699, 8505826700, 8505826701, 8505826702, 8505826703, 8505826704, 8505826699]",,,yes,,,面包坊,麵包坊,,,,,,,,,,,,,,,,,,,,,,,,,,,,,,,,,,,,,,bakery,,,,,
way,915703020,,西46楼,,西46楼,清华大学,,"POLYGON ((116.3096281 39.9976932, 116.3098493 39.9976983, 116.309854 39.9975754, 116.3096329 39.9975704, 116.3096281 39.9976932))",,,yes,"[8505826705, 8505826706, 8505826707, 9737804046, 8505826705]",,,residential,,,西46楼,西46樓,,no,,,,,,,,,,,,,,,,,,,,,,,,,,,,,,,,,,,,,,,,,
way,915703021,,西47楼,,西47楼,清华大学,,"POLYGON ((116.3099022 39.9973635, 116.3100921 39.9973713, 116.3101016 39.9972384, 116.3099116 39.9972305, 116.3099022 39.9973635))",,,yes,"[8505826709, 8505826710, 8505826711, 9737804045, 8505826709]",,,residential,,,西47楼,西47樓,,no,,,,,,,,,,,,,,,,,,,,,,,,,,,,,,,,,,,,,,,,,
way,915707510,,十四宿舍,,十四宿舍,清华大学,,"POLYGON ((116.3149464 40.0060141, 116.3150398 40.0060193, 116.3150727 40.0056731, 116.3149794 40.0056679, 116.3149464 40.0060141))",,,yes,"[8505850560, 8505850561, 8505850562, 8505850563, 8505850560]",,,residential,,,十四宿舍,十四宿舍,,no,,,,,,,,,,,,,,,,,,,,,,,,,,,,,,,,,,,,,,,,,
way,915707511,,十八宿舍,,十八宿舍,清华大学,,"POLYGON ((116.3158722 40.0062272, 116.3158824 40.0061248, 116.3162534 40.0061465, 116.3162432 40.0062489, 116.3158722 40.0062272))",,,yes,"[8505850564, 8505850565, 8505850566, 8505850567, 8505850564]",,,residential,,,十八宿舍,十八宿舍,,no,,,,,,,,,,,,,,,,,,,,,,,,,,,,,,,,,,,,,,,,,
way,915707512,,清华附中国际部,,清华附中国际部,清华大学,,"POLYGON ((116.3143275 40.0069263, 116.3145978 40.0069453, 116.3146506 40.0065038, 116.3137642 40.0064415, 116.3137489 40.0065691, 116.3138288 40.0065747, 116.3138208 40.0066413, 116.314357 40.0066788, 116.3143275 40.0069263))",,,yes,"[8505850568, 8505850569, 8505850570, 8505850571, 8505850572, 8505850573, 8505850574, 8505850575, 8505850568]",,,yes,,,清华附中国际部,清華附中國際部,,no,,,,,,,,,,,,,,,,,,,,,,,,,,,,,,,,,,,,,,,,,
way,915707513,shower,北区浴室,,北区浴室,清华大学,,"POLYGON ((116.3167449 40.0068575, 116.3167724 40.0065896, 116.3173442 40.006624, 116.3173225 40.0068354, 116.3174975 40.006846, 116.3174875 40.0069434, 116.3172353 40.0069282, 116.3172474 40.0068101, 116.3170738 40.0067997, 116.3170658 40.0068768, 116.3167449 40.0068575))",,private,yes,"[8505850576, 8505850577, 8505850578, 9754024849, 8505850580, 8505850581, 8505850582, 8505850583, 8505850584, 8505850585, 8505850576]",,,yes,,,北区浴室,北區浴室,,,,,,,,,,,,,,,,,,,,,,,,,,,,,,,,,,,,,,,,,,,
way,916062407,restaurant,家园,,家园,,,"POLYGON ((116.3157975 39.9935503, 116.316167 39.9935735, 116.31619 39.9933582, 116.3158205 39.9933351, 116.3157975 39.9935503))",,,yes,"[8508697319, 8508697320, 8508697321, 8508697322, 8508697319]",,,yes,,,家园,家园,,no,,,,,,,,,,,,,,,,,,,,,,,,,,,,,,,,,,,,,,,,,
way,937482182,,清华大学经济管理学院,,,清华大学,,"POLYGON ((116.3223914 39.9983721, 116.3235811 39.9984151, 116.3236212 39.9977644, 116.3240046 39.9977783, 116.323943 39.9987783, 116.3233015 39.9987551, 116.3232967 39.9988331, 116.3223651 39.9987995, 116.3223914 39.9983721))",,,yes,"[8686176994, 8686176995, 8686176996, 8686176997, 8686176998, 8686176999, 8686177000, 8686177001, 8686176994]",,,university,,,,,,no,,,,,,,,,,,,,,,,,,,,,,,,,,,,,,,,建华楼与李华楼,Q7849734,en:Tsinghua University School of Economics and Management,,,,,,,
way,937833947,restaurant,甲所,,甲所,,,"POLYGON ((116.3158944 39.9996581, 116.3159099 39.9994939, 116.3161534 39.9995073, 116.316149 39.9995535, 116.3163762 39.9995661, 116.3163825 39.9994996, 116.3163258 39.9994964, 116.316336 39.9993886, 116.316535 39.9993996, 116.3165256 39.9994991, 116.3167362 39.9995108, 116.3167223 39.9996573, 116.3164995 39.999645, 116.3164767 39.9998869, 116.3163659 39.9998808, 116.3163612 39.9999308, 116.3161753 39.9999205, 116.3161795 39.999876, 116.3160243 39.9998674, 116.3160217 39.9998941, 116.3158946 39.9998871, 116.3159047 39.9997803, 116.3160402 39.9997878, 116.3160516 39.9996668, 116.3158944 39.9996581))",,,,"[8688623063, 8688623064, 8688623065, 8688623066, 8688623067, 8688623068, 8688623069, 8688623070, 8688623071, 8688623072, 8688623073, 8688623074, 8688623075, 8688623076, 8688623077, 8688623078, 8688623079, 8688623080, 8688623081, 8688623082, 8688623083, 8688623084, 8688623085, 8688623086, 8688623063]",yes,,yes,,,甲所,甲所,,no,yes,,,,,,,,,,,,,,,,,,,,,,,,,,,,,,,,,,,,,,,,
way,937833948,,丙所,,丙所,清华大学,,"POLYGON ((116.3170481 39.999829, 116.3170539 39.9997507, 116.3171046 39.9997529, 116.3171081 39.9997066, 116.3171163 39.9995961, 116.3175202 39.9996136, 116.3175124 39.9997188, 116.3172398 39.9997069, 116.3172315 39.9998183, 116.317517 39.9998307, 116.3175083 39.9999481, 116.3172175 39.9999354, 116.3172146 39.9999744, 116.3170855 39.9999687, 116.3170957 39.9998311, 116.3170481 39.999829))",,,yes,"[8688623087, 8688623088, 8688623089, 8688623090, 8688623091, 8688623092, 8688623093, 8688623094, 8688623095, 8688623096, 8688623097, 8688623098, 8688623099, 8688623100, 8688623101, 8688623087]",,,yes,,,丙所,丙所,,no,,,,,,,,,,,,,,,yes,customers,,,,,,,,hotel,,,,,,,,,,,,,,,,,
way,937833949,,后勤综合服务平台,,后勤综合服务平台,清华大学,,"POLYGON ((116.3157896 39.9991983, 116.3157946 39.9991144, 116.3159694 39.9991206, 116.3159722 39.9990744, 116.31612 39.9990797, 116.3161122 39.9992097, 116.3157896 39.9991983))",,,yes,"[8688623102, 8688623103, 8688623104, 8688623105, 8688623106, 8688623107, 8688623102]",,,yes,,,后勤综合服务平台,後勤綜合服務平台,,no,,,,,,,,,,,,,,,,,,,,,,,,,,,,,,,,,,,,,yes,,,,
way,937833950,,清华大学教育工会,,清华大学教育工会,清华大学,,"POLYGON ((116.3165623 39.9992249, 116.316726 39.9992928, 116.3167655 39.9992368, 116.3168926 39.9992895, 116.3169385 39.9992246, 116.3167225 39.9991349, 116.316753 39.9990918, 116.3166657 39.9990556, 116.316628 39.999109, 116.3165834 39.9990905, 116.3165487 39.9991396, 116.3166058 39.9991633, 116.3165623 39.9992249))",,,yes,"[8688623108, 8688623109, 8688623110, 8688623111, 8688623112, 8688623113, 8688623114, 8688623115, 8688623116, 8688639617, 8688639618, 8688639619, 8688623108]",,,yes,,,清华大学教育工会,清華大學教育工會,,no,,,,,,,,,,,,,,,,,,,,,,,,,,,,,,,,,,,,,yes,,,,
way,937833951,,本科招生办公室,Admissions Office,本科招生办公室,清华大学,,"POLYGON ((116.3177171 39.9998332, 116.3177352 39.9995891, 116.3178535 39.9995942, 116.3178432 39.999734, 116.3180328 39.9997422, 116.31804 39.9996449, 116.3181434 39.9996494, 116.3181306 39.9998237, 116.3178768 39.9998127, 116.3178748 39.99984, 116.3177171 39.9998332))",,,yes,"[8688639620, 8688639621, 8688639622, 8688639623, 8688639624, 8688639625, 8688639626, 8688639627, 8688639628, 8688639629, 8688639620]",yes,,yes,,,本科招生办公室,本科招生辦公室,,no,,,,,,,,,,,,,,,,,,,,,,,,,,,,,,,,,,,,,educational_institution,,,,
way,937833952,,研究生招生办公室,Office of Graduate Admissions,研究生招生办公室,清华大学,,"POLYGON ((116.3184311 39.999849, 116.3184785 39.9998496, 116.3184775 39.9999011, 116.3187096 39.9999039, 116.3187142 39.9996808, 116.3184346 39.9996774, 116.3184311 39.999849))",,,yes,"[8688639630, 8688639631, 8688639632, 8688639633, 8688639634, 8688639635, 8688639630]",yes,,yes,,,研究生招生办公室,研究生招生辦公室,,no,,,,,,,,,,,,,,,,,,,,,,,,,,,,,,,,,,,,,yes,,,,
way,937833953,,动力机械与工程研究所,,动力机械与工程研究所,清华大学,,"POLYGON ((116.3207057 40.0001793, 116.3215245 40.0002202, 116.3215459 39.9999482, 116.3207303 39.999902, 116.3207057 40.0001793))",,,yes,"[8688639637, 8688639638, 8688639639, 8688639640, 8688639637]",,,university,,,动力机械与工程研究所,動力機械與工程研究所,,no,,,,,,,,,,,,,,,,,,,,,,,,,,,,,,,,,,,,,,,,,
way,937833954,,,,,,,"POLYGON ((116.3201484 40.0023432, 116.3203376 40.0023548, 116.3203551 40.0021865, 116.320166 40.0021749, 116.3201484 40.0023432))",,,,"[8688639641, 8688639642, 8688639643, 8688639644, 8688639641]",,,yes,,,,,,,,,,,,,,,,,,,,,,,,,,,,,,,,,,,,,,,,,,,yes,,,,
way,937833955,,,,,,,"POLYGON ((116.3209603 40.0030604, 116.3210078 40.0026297, 116.3213692 40.0026531, 116.3213217 40.0030838, 116.3209603 40.0030604))",,,,"[8688639645, 8688639646, 8688639647, 8688639648, 8688639645]",,,yes,,,,,,,,,,,,,,,,,,,,,,,,,,,,,,,,,,,,,,,,,,,,,,,
way,937969592,,食品加工中心,,食品加工中心,清华大学,,"POLYGON ((116.3203736 40.0079181, 116.3206651 40.0079317, 116.3206624 40.0079658, 116.3207973 40.0079721, 116.3208005 40.0079317, 116.3209006 40.0079364, 116.3209174 40.0077245, 116.3203909 40.0077, 116.3203736 40.0079181))",,,yes,"[8689841345, 8689841346, 9754024858, 9754024859, 8689841349, 8689841350, 8689841351, 8689841352, 8689841345]",,,university,,,食品加工中心,食品加工中心,,no,,,,,,,,,,,,,,,,,,,,,,,,,,,,,,,,,,,,,,,,,
way,945068569,,西南12,,西南12,清华大学,,"POLYGON ((116.3159598 39.9924734, 116.3159671 39.9923763, 116.3169248 39.9924187, 116.3169175 39.9925159, 116.3159598 39.9924734))",,,yes,"[8749265448, 8749265449, 8749265450, 8749265451, 8749265448]",,,yes,,,西南12,西南12,,no,,,,,,,,,,,,,,,,,,,,,,,,,,,,,,,,,,,,,,,,,
way,993282841,,二校门,,二校门,,,"POLYGON ((116.318199 39.9997273, 116.3182003 39.999694, 116.3183362 39.9996971, 116.3183349 39.9997304, 116.318199 39.9997273))",,,,"[9176498709, 9176498710, 9176498711, 9176498712, 9176498709]",,,ruins,,,二校门,二校門,,,,,,,,,,,,,,,,,,,,,,,,,,,,,,,,,,,,,,,,,,,
way,1031396019,,,,,清华大学,,"POLYGON ((116.316365 39.9941043, 116.316308 39.9940784, 116.3163165 39.9940235, 116.3163797 39.9940011, 116.3164405 39.9940329, 116.3164382 39.994053, 116.3167317 39.9940719, 116.3167409 39.9940241, 116.3167933 39.9939993, 116.3168422 39.9940223, 116.3168218 39.9942017, 116.3167841 39.9941836, 116.3167301 39.9942009, 116.3166808 39.9941735, 116.3166277 39.9941974, 116.3165735 39.9941691, 116.3165221 39.9941926, 116.3164652 39.9941628, 116.3164082 39.9941796, 116.3163583 39.9941498, 116.316365 39.9941043))",,,yes,"[9505852940, 9505852941, 9505852942, 9505852943, 9505852944, 9505852945, 9505852946, 9505852947, 9505852948, 9505852950, 9505852949, 9505852959, 9505852958, 9505852957, 9505852956, 9505852955, 9505852954, 9505852953, 9505852952, 9505852951, 9505852940]",,,school,,,,,,no,,,4,,,,,,,,,,,,,,,,,,,,,,,,,,,,,,,,,,,,,,
way,1058893168,,,,,,,"POLYGON ((116.3093474 40.0005645, 116.3093599 39.9999399, 116.3095961 39.9999427, 116.3095836 40.0005672, 116.3093474 40.0005645))",,,,"[9729763353, 9729763352, 9729763351, 9729763350, 9729763353]",,,yes,,,,,,,,,,,,,,,,,,,,,,,,,,,,,,,,,,,,,,,,,,,,,,,
way,1058893169,,,,,,,"POLYGON ((116.3098741 40.0002803, 116.3099062 39.9999064, 116.310035 39.9999146, 116.3100028 40.0002844, 116.3098741 40.0002803))",,,,"[9729763357, 9729763356, 9729763355, 9729763354, 9729763357]",,,office,,,,,,,,,,,,,,,,,,,,,,,,,,,,,,,,,,,,,,,,,,,,,,,
way,1058893171,fuel,,,,,,"POLYGON ((116.3094534 39.9994295, 116.3094849 39.9991601, 116.3097931 39.9991812, 116.3097616 39.9994506, 116.3094534 39.9994295))",,,,"[9729763361, 9729763360, 9729763359, 9729763358, 9729763361]",,,roof,,,,,,,,,,,,,,,,,,,,,,,,,,,,,,,,,,,,,,,,,,,,,,,
way,1059162680,,食堂,,食堂,清华大学,,"POLYGON ((116.3157661 40.007531, 116.315804 40.0071497, 116.3160006 40.0071612, 116.3164529 40.0071875, 116.316415 40.0075687, 116.3157661 40.007531))",,,yes,"[9731735360, 9731735359, 9806443554, 9731735358, 9731735357, 9731735360]",,,school,,,食堂,食堂,,no,,,,,,,,,,,,,,,,,,,,,,,,,,,,,,,,,,,,,,,,,
way,1059162681,,,,,清华大学,,"POLYGON ((116.3151417 40.0071115, 116.3157454 40.0071434, 116.3157293 40.007321, 116.3151257 40.0072891, 116.3151417 40.0071115))",,,yes,"[9731735364, 9731735363, 9731735362, 9731735361, 9731735364]",,,school,,,,,,no,,,,,,,,,,,,,,,,,,,,,,,,,,,,,,,,,,,,,,,,,
way,1059165152,,,,,,,"POLYGON ((116.315745 40.0015354, 116.3157538 40.0014584, 116.3159765 40.0014733, 116.3159677 40.0015503, 116.315745 40.0015354))",,,,"[9731738268, 9731738267, 9731738266, 9731738265, 9731738268]",,,yes,,,,,,,,,,,,,,,,,,,,,,,,,,,,,,,,,,,,,,,,,,,,,,,
way,1059165153,,,,,,,"POLYGON ((116.3164557 40.0019045, 116.3164622 40.0018458, 116.3166203 40.0018562, 116.3166138 40.0019149, 116.3164557 40.0019045))",,,,"[9731738273, 9731738272, 9731738271, 9731738270, 9731738273]",,,office,,,,,,,,,,,,,,,,,,,,,,,,,,,,,,,,,,,,,,,,,,,,,,,
way,1059165154,,,,,,,"POLYGON ((116.3163965 40.0016851, 116.3164035 40.0016183, 116.3160925 40.0015991, 116.3160606 40.0019014, 116.3164263 40.0019241, 116.3164322 40.0018686, 116.316129 40.0018498, 116.3161479 40.0016698, 116.3163965 40.0016851))",,,,"[9731738281, 9731738280, 9731738279, 9731738278, 9731738277, 9731738276, 9731738275, 9731738274, 9731738281]",,,office,,,,,,,,,,,,,,,,,,,,,,,,,,,,,,,,,,,,,,,,,,,,,,,
way,1059165155,,,,,,,"POLYGON ((116.3170628 40.001867, 116.3170675 40.0018057, 116.3173086 40.0018165, 116.3173149 40.0017337, 116.3174165 40.0017383, 116.3174055 40.0018824, 116.3170628 40.001867))",,,,"[9731738287, 9731738286, 9731738285, 9731738284, 9731738283, 9731738282, 9731738287]",,,office,,,,,,,,,,,,,,,,,,,,,,,,,,,,,,,,,,,,,,,,,,,,,,,
way,1059165156,,,,,,,"POLYGON ((116.3170987 40.0016957, 116.3171038 40.0016308, 116.3172997 40.0016399, 116.3173106 40.0015027, 116.3170985 40.0014928, 116.3171039 40.0014241, 116.3173963 40.0014377, 116.3173749 40.0017085, 116.3170987 40.0016957))",,,,"[9731738295, 9731738294, 9731738293, 9731738292, 9731738291, 9731738290, 9731738289, 9731738288, 9731738295]",,,office,,,,,,,,,,,,,,,,,,,,,,,,,,,,,,,,,,,,,,,,,,,,,,,
way,1059165157,,,,,,,"POLYGON ((116.3164515 40.0016657, 116.3164582 40.0016051, 116.3166634 40.0016184, 116.3166567 40.001679, 116.3164515 40.0016657))",,,,"[9731738299, 9731738298, 9731738297, 9731738296, 9731738299]",,,office,,,,,,,,,,,,,,,,,,,,,,,,,,,,,,,,,,,,,,,,,,,,,,,
way,1059165158,,,,,,,"POLYGON ((116.3163519 40.001463, 116.3164605 40.0014687, 116.3164492 40.0015951, 116.3163406 40.0015894, 116.3163519 40.001463))",,,,"[9731738303, 9731738302, 9731738301, 9731738300, 9731738303]",,,office,,,,,,,,,,,,,,,,,,,,,,,,,,,,,,,,,,,,,,,,,,,,,,,
way,1059165159,,,,,,,"POLYGON ((116.3171253 40.0011334, 116.3171307 40.0010745, 116.317434 40.0010909, 116.3174041 40.0014148, 116.3173175 40.0014101, 116.3173276 40.0013004, 116.3171413 40.0012903, 116.3171469 40.0012296, 116.3173318 40.0012395, 116.3173405 40.0011451, 116.3171253 40.0011334))",,,,"[9731738313, 9731738312, 9731738311, 9731738310, 9731738309, 9731738308, 9731738307, 9731738306, 9731738305, 9731738304, 9731738313]",,,office,,,,,,,,,,,,,,,,,,,,,,,,,,,,,,,,,,,,,,,,,,,,,,,
way,1059165160,,,,,,,"POLYGON ((116.3164558 40.0014375, 116.3164595 40.0013716, 116.3166873 40.0013791, 116.3166836 40.001445, 116.3164558 40.0014375))",,,,"[9731761417, 9731738316, 9731738315, 9731738314, 9731761417]",,,office,,,,,,,,,,,,,,,,,,,,,,,,,,,,,,,,,,,,,,,,,,,,,,,
way,1059165161,,,,,,,"POLYGON ((116.3164586 40.0012524, 116.3164646 40.0011856, 116.3166885 40.0011974, 116.3166825 40.0012643, 116.3164586 40.0012524))",,,,"[9731761421, 9731761420, 9731761419, 9731761418, 9731761421]",,,office,,,,,,,,,,,,,,,,,,,,,,,,,,,,,,,,,,,,,,,,,,,,,,,
way,1059165162,,,,,,,"POLYGON ((116.3162235 40.0011976, 116.31623 40.0011217, 116.3164381 40.0011321, 116.3164316 40.001208, 116.3162235 40.0011976))",,,,"[9731761425, 9731761424, 9731761423, 9731761422, 9731761425]",,,office,,,,,,,,,,,,,,,,,,,,,,,,,,,,,,,,,,,,,,,,,,,,,,,
way,1059165163,,,,,,,"POLYGON ((116.3162128 40.0013976, 116.3162168 40.0013277, 116.3164287 40.0013348, 116.3164246 40.0014047, 116.3162128 40.0013976))",,,,"[9731761429, 9731761428, 9731761427, 9731761426, 9731761429]",,,office,,,,,,,,,,,,,,,,,,,,,,,,,,,,,,,,,,,,,,,,,,,,,,,
way,1059165164,,,,,,,"POLYGON ((116.3167384 40.0014137, 116.3167455 40.0013426, 116.3170215 40.0013587, 116.3170144 40.0014298, 116.3167384 40.0014137))",,,,"[9731761433, 9731761432, 9731761431, 9731761430, 9731761433]",,,office,,,,,,,,,,,,,,,,,,,,,,,,,,,,,,,,,,,,,,,,,,,,,,,
way,1059165165,,,,,,,"POLYGON ((116.3170259 40.0013233, 116.3170399 40.0011563, 116.3171143 40.00116, 116.3171003 40.0013269, 116.3170259 40.0013233))",,,,"[9731761437, 9731761436, 9731761435, 9731761434, 9731761437]",,,office,,,,,,,,,,,,,,,,,,,,,,,,,,,,,,,,,,,,,,,,,,,,,,,
way,1059165166,,,,,,,"POLYGON ((116.3167083 40.001309, 116.3167232 40.0011486, 116.3168069 40.0011532, 116.316792 40.0013136, 116.3167083 40.001309))",,,,"[9731761441, 9731761440, 9731761439, 9731761438, 9731761441]",,,office,,,,,,,,,,,,,,,,,,,,,,,,,,,,,,,,,,,,,,,,,,,,,,,
way,1059165167,,,,,,,"POLYGON ((116.3167321 40.0011231, 116.3167383 40.0010403, 116.3170983 40.0010561, 116.3170921 40.0011389, 116.3167321 40.0011231))",,,,"[9731761445, 9731761444, 9731761443, 9731761442, 9731761445]",,,office,,,,,,,,,,,,,,,,,,,,,,,,,,,,,,,,,,,,,,,,,,,,,,,
way,1059178271,,临漪榭,,,,,"POLYGON ((116.3131109 40.000409, 116.3131134 40.0002626, 116.3131594 40.0002631, 116.3131601 40.0002186, 116.3133682 40.0002207, 116.3133671 40.000285, 116.3131616 40.0002829, 116.3131593 40.0004095, 116.3131109 40.000409))",,,,"[9731863393, 9731863392, 9731863391, 9731863390, 9731863389, 9731863388, 9731863387, 9731863386, 9731863393]",,,yes,,,,,,,,,,,,,,,,,,,,,,,,,,,,,,,,,,,,,,,,,,,,,,,
way,1059201723,,,,,清华大学,,"POLYGON ((116.3167311 39.9936623, 116.3167301 39.9936792, 116.3168278 39.9936829, 116.3168343 39.9935808, 116.3167331 39.993577, 116.3167351 39.9935461, 116.3166461 39.9935428, 116.3166477 39.9935175, 116.3165567 39.9935141, 116.3165591 39.9934767, 116.3162735 39.9934661, 116.3162723 39.9934855, 116.3162361 39.9934841, 116.3162279 39.9936144, 116.3162871 39.9936165, 116.3162893 39.9935817, 116.3164406 39.9935872, 116.3164396 39.9936028, 116.3165415 39.9936066, 116.3165398 39.9936344, 116.3166311 39.9936378, 116.3166298 39.9936585, 116.3167311 39.9936623))",,,yes,"[9732034529, 9732034530, 9732034531, 9732034532, 9732034533, 9732034534, 9732034535, 9732034536, 9732034537, 9732034538, 9732034539, 9732034540, 9732034541, 9732034542, 9732034543, 9732034544, 9732034545, 9732034546, 9732034547, 9732034548, 9732034549, 9732034550, 9732034529]",,,school,,,,,,no,,,,,,,,,,,,,,,,,,,,,,,,,,,,,,,,,,,,,,,,,
way,1059201724,,,,,清华大学,,"POLYGON ((116.3158389 39.9938593, 116.3158695 39.9936282, 116.3162144 39.993655, 116.316209 39.9936959, 116.3163909 39.9937101, 116.3163658 39.9939001, 116.3158389 39.9938593))",,,yes,"[9732034551, 9732034552, 9732034553, 9732034554, 9732034555, 9732034556, 9732034551]",,,school,,,,,,no,,,,,,,,,,,,,,,,,,,,,,,,,,,,,,,,,,,,,,,,,
way,1059201725,,,,,清华大学,,"POLYGON ((116.3170974 39.9940418, 116.3170842 39.9941618, 116.3171365 39.9941651, 116.3171276 39.9942465, 116.3176532 39.9942803, 116.3176685 39.99413, 116.3175807 39.9941214, 116.3175731 39.9941915, 116.3172915 39.9941734, 116.3173011 39.9940863, 116.3171401 39.9940759, 116.3171435 39.9940448, 116.3170974 39.9940418))",,,yes,"[9732034557, 9732034558, 9732034559, 9732034560, 9732034561, 9732034562, 9732034563, 9732034564, 9732034565, 9732034566, 9732034567, 9732034568, 9732034557]",,,school,,,,,,no,,,,,,,,,,,,,,,,,,,,,,,,,,,,,,,,,,,,,,,,,
way,1059201726,,,,,清华大学,,"POLYGON ((116.3174396 39.9941091, 116.3175807 39.9941214, 116.3177136 39.9941314, 116.3177506 39.9938648, 116.3174766 39.9938425, 116.3174396 39.9941091))",,,yes,"[9732034569, 9732034563, 9732034570, 9732034571, 9732034572, 9732034569]",,,school,,,,,,no,,,,,,,,,,,,,,,,,,,,,,,,,,,,,,,,,,,,,,,,,
way,1059201727,,,,,清华大学,,"POLYGON ((116.3173202 39.9934221, 116.3173098 39.9935284, 116.3176976 39.9935506, 116.3176844 39.993686, 116.3172564 39.9936614, 116.317248 39.9937476, 116.3177278 39.9937752, 116.3177599 39.9934473, 116.3173202 39.9934221))",,,yes,"[9732034573, 9732034574, 9732034575, 9732034576, 9732034577, 9732034578, 9732034579, 9732034580, 9732034573]",,,school,,,,,,no,,,,,,,,,,,,,,,,,,,,,,,,,,,,,,,,,,,,,,,,,
way,1059885283,,高1楼,,高1楼,清华大学,,"POLYGON ((116.3178276 39.9985635, 116.3178378 39.9987087, 116.3177491 39.9987124, 116.3177464 39.9986741, 116.3175949 39.9986803, 116.3175977 39.9987201, 116.3175064 39.9987238, 116.317496 39.9985748, 116.3176123 39.99857, 116.3176104 39.9985429, 116.3177115 39.9985388, 116.3177136 39.9985682, 116.3178276 39.9985635))",,,yes,"[9737804030, 9737804029, 10945321389, 10945321390, 9737804028, 9737804027, 9737804026, 9737804025, 9737804024, 9737804023, 10945321388, 10945321387, 9737804030]",,,residential,,,高1楼,高1樓,,no,,,,,,,,,,,,,,,,,,,,,,,,,,,,,,,,,,,,,,,,,
way,1059885284,,,,,清华大学,,"POLYGON ((116.3168168 39.9934997, 116.3168307 39.9933585, 116.3169826 39.9933672, 116.3169758 39.9934362, 116.3172094 39.9934497, 116.3172022 39.993522, 116.3168168 39.9934997))",,,yes,"[9737804040, 9737804039, 9737804038, 9737804037, 9737804036, 9737804035, 9737804040]",,,school,,,,,,no,,,,,,,,,,,,,,,,,,,,,,,,,,,,,,,,,,,,,,,,,
way,1059885285,,,,,清华大学,,"POLYGON ((116.3162408 39.9934222, 116.3162479 39.9933224, 116.3167025 39.9933416, 116.3166953 39.9934413, 116.3162408 39.9934222))",,,yes,"[9737804044, 9737804043, 9737804042, 9737804041, 9737804044]",,,school,,,,,,no,,,,,,,,,,,,,,,,,,,,,,,,,,,,,,,,,,,,,,,,,
way,1060190344,,,,,清华大学,,"POLYGON ((116.3201539 39.995173, 116.3202482 39.9947731, 116.3204202 39.9947969, 116.3203259 39.9951968, 116.3201539 39.995173))",,,yes,"[9740672322, 9740672321, 9740672320, 9740672319, 9740672322]",,,school,,,,,,no,,,,,,,,,,,,,,,,,,,,,,,,,,,,,,,,,,,,,,,,,
way,1060190345,,,,,清华大学,,"POLYGON ((116.3195971 39.9959879, 116.3196292 39.9958462, 116.3197097 39.9958585, 116.3197151 39.9958359, 116.3198331 39.9958564, 116.3198438 39.9958359, 116.3200504 39.9958708, 116.3200584 39.9958441, 116.3201255 39.9958585, 116.320163 39.9957188, 116.3200852 39.9956263, 116.320163 39.9953057, 116.3202032 39.9952585, 116.3202569 39.9952482, 116.3203293 39.9952626, 116.3203508 39.9952872, 116.3203615 39.9953283, 116.3202113 39.9959283, 116.3202703 39.9959427, 116.3203078 39.9959016, 116.3203722 39.9959283, 116.3204205 39.9959674, 116.3204554 39.9960085, 116.3205063 39.9959859, 116.3205868 39.9959941, 116.3205948 39.9959694, 116.3207558 39.99599, 116.3207638 39.9959653, 116.3208684 39.9959818, 116.3208389 39.9960968, 116.3207182 39.9960804, 116.3207048 39.9961174, 116.3204446 39.9960763, 116.3203159 39.9960927, 116.3202998 39.9960578, 116.3202783 39.9960352, 116.3202408 39.9960126, 116.3201979 39.9960003, 116.3201845 39.9960434, 116.3198063 39.9959879, 116.3197982 39.9960146, 116.3195971 39.9959879))",,,yes,"[9740672363, 9740672362, 9740672361, 9740672360, 9740672359, 9740672358, 9740672357, 9740672356, 9740672355, 9740672354, 9740672353, 9740672352, 9740672351, 9740672350, 9740672349, 9740672348, 9740672347, 9740672346, 9740672345, 9740672344, 9740672343, 9740672342, 9740672341, 9740672340, 9740672339, 9740672338, 9740672337, 9740672336, 9740672335, 9740672334, 9740672333, 9740672332, 9740672331, 9740672330, 9740672329, 9740672328, 9740672327, 9740672326, 9740672325, 9740672324, 9740672323, 9740672363]",,,school,,,,,,no,,,,,,,,,,,,,,,,,,,,,,,,,,,,,,,,,,,,,,,,,
way,1060190346,,,,,清华大学,,"POLYGON ((116.3203996 39.9963365, 116.3204064 39.9962142, 116.3208282 39.996228, 116.3208308 39.9961829, 116.3209743 39.9961876, 116.3209663 39.9963304, 116.3208223 39.9963257, 116.3208209 39.9963504, 116.3203996 39.9963365))",,,yes,"[9740672371, 9740672370, 9740672369, 9740672368, 9740672367, 9740672366, 9740672365, 9740672364, 9740672371]",,,school,,,,,,no,,,,,,,,,,,,,,,,,,,,,,,,,,,,,,,,,,,,,,,,,
way,1060190347,,,,,清华大学,,"POLYGON ((116.3194844 39.9965263, 116.3195059 39.9964194, 116.3201067 39.9964996, 116.3201389 39.9963578, 116.3201576 39.9963167, 116.3201952 39.9962797, 116.3202676 39.9962612, 116.3203347 39.9962777, 116.3203669 39.9963064, 116.3202864 39.9966352, 116.3194844 39.9965263))",,,yes,"[9740672381, 9740672380, 9740672379, 9740672378, 9740672377, 9740672376, 9740672375, 9740672374, 9740672373, 9740672372, 9740672381]",,,school,,,,,,no,,,,,,,,,,,,,,,,,,,,,,,,,,,,,,,,,,,,,,,,,
way,1060190348,,,,,清华大学,,"POLYGON ((116.3204887 39.9951911, 116.320519 39.9950737, 116.3208807 39.9951286, 116.3208504 39.995246, 116.3204887 39.9951911))",,,yes,"[9740672385, 9740672384, 9740672383, 9740672382, 9740672385]",,,school,,,,,,no,,,,,,,,,,,,,,,,,,,,,,,,,,,,,,,,,,,,,,,,,
way,1060192245,,,,,,,"POLYGON ((116.3232617 39.9967313, 116.3232764 39.9964682, 116.3234319 39.9964734, 116.3234172 39.9967364, 116.3232617 39.9967313))",,,,"[9740697223, 9740697222, 9740697221, 9740697220, 9740697223]",,,yes,,,,,,,,,,,,,,,,,,,,,,,,,,,,,,,,,,,,,,,,,,,,,,,
way,1060943344,,,,,清华大学,,"POLYGON ((116.3298552 40.0027146, 116.3298673 40.0024315, 116.3304379 40.0024459, 116.3304258 40.0027289, 116.3298552 40.0027146))",,,yes,"[9748061639, 9748061638, 9748061637, 9748061636, 9748061639]",,,yes,,,,,,no,,,,,,,,,,,,,,,,,,,,,,,,,,,,,,,,,,,,,,,,,
way,1060943345,,,,,清华大学,,"POLYGON ((116.3283226 40.0021261, 116.3283246 40.0020511, 116.3286264 40.0020558, 116.3286244 40.0021308, 116.3283226 40.0021261))",,,yes,"[9748061643, 9748061642, 9748061641, 9748061640, 9748061643]",,,yes,,,,,,no,,,,,,,,,,,,,,,,,,,,,,,,,,,,,,,,,,,,,,,,,
way,1060943346,,,,,清华大学,,"POLYGON ((116.3283402 40.0019786, 116.3283419 40.0018954, 116.3286531 40.0018992, 116.3286513 40.0019824, 116.3283402 40.0019786))",,,yes,"[9748061647, 9748061646, 9748061645, 9748061644, 9748061647]",,,yes,,,,,,no,,,,,,,,,,,,,,,,,,,,,,,,,,,,,,,,,,,,,,,,,
way,1060946454,,,,,清华大学,,"POLYGON ((116.3263313 40.0090077, 116.3263357 40.0089326, 116.3265354 40.0089395, 116.326531 40.0090146, 116.3264204 40.0090108, 116.3263313 40.0090077))",,,yes,"[9748092822, 9748092821, 9748092820, 9748092819, 10161202050, 9748092822]",,,yes,,,,,,no,,,,,,,,,,,,,,,,,,,,,,,,,,,,,,,,,,,,,,,,,
way,1060946455,,,,,清华大学,,"POLYGON ((116.3270385 40.0083817, 116.3270989 40.0083021, 116.3272189 40.0083554, 116.3271585 40.0084351, 116.3270385 40.0083817))",,,yes,"[9748092826, 9748092825, 9748092824, 9748092823, 9748092826]",,,yes,,,,,,no,,,,,,,,,,,,,,,,,,,,,,,,,,,,,,,,,,,,,,,,,
way,1060946456,,,,,清华大学,,"POLYGON ((116.3262414 40.0086683, 116.3262459 40.008584, 116.3264939 40.0085918, 116.3264894 40.0086761, 116.3262414 40.0086683))",,,yes,"[9748092834, 9748092833, 9748092832, 9748092831, 9748092834]",,,yes,,,,,,no,,,,,,,,,,,,,,,,,,,,,,,,,,,,,,,,,,,,,,,,,
way,1060959370,,大财务,Financial Department,大财务,清华大学,,"POLYGON ((116.3206118 40.004534, 116.3206182 40.0044169, 116.3209595 40.0044279, 116.320953 40.004545, 116.3206118 40.004534))",,,yes,"[9748233325, 9748233324, 9748233323, 9748233322, 9748233325]",,,office,,,大财务,大財務,,no,,,,,,,,,,,,,,,,,,,,,,,,,,,,,,,,,,,,,,,,,
way,1061382587,,,,,清华大学,,"POLYGON ((116.3161926 39.9953634, 116.3162099 39.99516, 116.3162853 39.9951638, 116.3162733 39.9953054, 116.316616 39.9953225, 116.3166286 39.9951746, 116.3166987 39.9951781, 116.3166808 39.9953878, 116.3161926 39.9953634))",,,yes,"[9751723228, 9751723227, 9751723226, 9751723225, 9751723224, 9751723223, 9751723222, 9751723221, 9751723228]",,,residential,,,,,,no,,,,,,,,,,,,,,,,,,,,,,,,,,,,,,,,,,,,,,,,,
way,1061664025,,,,,清华大学,,"POLYGON ((116.3173639 40.006817, 116.317391 40.006549, 116.3175614 40.0065591, 116.3175344 40.0068271, 116.3173639 40.006817))",,,yes,"[9754024848, 9754024847, 9754024846, 9754024845, 9754024848]",,,university,,,,,,no,,,,,,,,,,,,,,,,,,,,,,,,,,,,,,,,,,,,,,,,,
way,1065783252,car_wash,洗车房,,洗车房,,,"POLYGON ((116.3095558 39.9989856, 116.3095606 39.9988962, 116.3097712 39.9989028, 116.3097664 39.9989922, 116.3095558 39.9989856))",,,,"[9787375499, 9787375498, 9787375497, 9787375496, 9787375499]",,,commercial,,,洗车房,洗車房,,,,,,,,,,,,,,,,,,,,,,,,,,,,,,,,,,,,,,,,,,,
way,1065783253,,,,,,,"POLYGON ((116.3096078 40.0005057, 116.3096171 40.0004309, 116.3099432 40.0004546, 116.3099339 40.0005294, 116.3096078 40.0005057))",,,,"[9787375503, 9787375502, 9787375501, 9787375500, 9787375503]",,,yes,,,,,,,,,,,,,,,,,,,,,,,,,,,,,,,,,,,,,,,,,,,,,,,
way,1065783254,,,,,,,"POLYGON ((116.3100045 40.000467, 116.3104 40.0004984, 116.3103833 40.0006217, 116.3099878 40.0005903, 116.3100045 40.000467))",,,,"[9787375507, 9787375506, 9787375505, 9787375504, 9787375507]",,,yes,,,,,,,,,,,,,,,,,,,,,,,,,,,,,,,,,,,,,,,,,,,,,,,
way,1065783255,,,,,,,"POLYGON ((116.309926 39.9997533, 116.3099452 39.9995912, 116.3100582 39.9995991, 116.3100389 39.9997612, 116.309926 39.9997533))",,,,"[9787375511, 9787375510, 9787375509, 9787375508, 9787375511]",,,yes,,,,,,,,,,,,,,,,,,,,,,,,,,,,,,,,,,,,,,,,,,,,,,,
way,1065783256,,,,,,,"POLYGON ((116.309915 39.9998692, 116.3099269 39.9997758, 116.3100665 39.9997863, 116.3100546 39.9998797, 116.309915 39.9998692))",,,,"[9787375515, 9787375514, 9787375513, 9787375512, 9787375515]",,,yes,,,,,,,,,,,,,,,,,,,,,,,,,,,,,,,,,,,,,,,,,,,,,,,
way,1065783257,,,,,,,"POLYGON ((116.3098336 39.9999397, 116.3092846 39.9999137, 116.3092963 39.9997692, 116.3098453 39.9997952, 116.3098336 39.9999397))",,,,"[9787423619, 9787423618, 9787423617, 9787375516, 9787423619]",,,yes,,,,,,,,,,,,,,,,,,,,,,,,,,,,,,,,,,,,,,,,,,,,,,,
way,1066880985,,,,,,,"POLYGON ((116.3238818 39.9969883, 116.3238929 39.9968351, 116.3245391 39.9968626, 116.3245281 39.9970158, 116.3238818 39.9969883))",,,,"[9796353951, 9796353950, 9796353949, 9796353948, 9796353951]",,,yes,,,,,,,,,,,,,,,,,,,,,,,,,,,,,,,,,,,,,,,,,,,,,,,
way,1067508253,,旧经管报告厅,,旧经管报告厅,清华大学,,"POLYGON ((116.3207022 40.0007996, 116.3207102 40.0006917, 116.3208764 40.000699, 116.3208685 40.0008068, 116.3207022 40.0007996))",,,yes,"[9801013429, 9801013428, 9801013427, 9801013426, 9801013429]",,,school,,,旧经管报告厅,舊經管報告廳,,no,,,,,,,,,,,,,,,,,,,,,,,,,,,,,,,,,,,,,,,,,
way,1070554922,,清华天文台,,,,,"POLYGON ((116.3128798 40.0031645, 116.3128819 40.0031271, 116.3129179 40.0031018, 116.3129667 40.0031034, 116.3129998 40.003131, 116.3129977 40.0031684, 116.3129617 40.0031937, 116.3129129 40.0031921, 116.3128798 40.0031645))",,,,"[9824754694, 9824754693, 9824754692, 9824754691, 9824754690, 9824754689, 9824754688, 9824754687, 9824754694]",,,yes,,,,,,,,,,,,,,,,,,,,,,,,,,,,,,,,,,,,,,,,,,,,,,,
way,1070554929,,零零阁,,零零阁,,,"POLYGON ((116.3133391 39.9997887, 116.3133081 39.9997593, 116.3133133 39.9997217, 116.3133516 39.9996979, 116.3134007 39.9997019, 116.3134317 39.9997312, 116.3134266 39.9997688, 116.3133882 39.9997926, 116.3133391 39.9997887))",,,,"[9824754927, 9824754926, 9824754925, 9824754924, 9824754923, 9824754922, 9824754921, 9824754920, 9824754927]",,,yes,,,零零阁,零零閣,,,,,,,,,,,,,,,,,,,,,,,,,,,,,,,,,,,,,,,,,,,
way,1070554930,,,,,,,"POLYGON ((116.3129875 39.9989044, 116.3129901 39.9988571, 116.3131677 39.9988628, 116.3131651 39.9989101, 116.3129875 39.9989044))",,,,"[9824754931, 9824754930, 9824754929, 9824754928, 9824754931]",,,yes,,,,,,,,,,,,,,,,,,,,,,,,,,,,,,,,,,,,,,,,,,,,,,,
way,1070554931,,,,,,,"POLYGON ((116.3126683 39.9991753, 116.3127842 39.9989791, 116.3128808 39.9990126, 116.3127649 39.9992088, 116.3126683 39.9991753))",,,,"[9824754935, 9824754934, 9824754933, 9824754932, 9824754935]",,,yes,,,,,,,,,,,,,,,,,,,,,,,,,,,,,,,,,,,,,,,,,,,,,,,
way,1086339221,,图书馆楼B,,图书馆楼B,清华大学,,"POLYGON ((116.3133011 40.0090565, 116.3131706 40.0090449, 116.3131797 40.0089334, 116.3130553 40.008931, 116.313108 40.0085546, 116.3131904 40.0085585, 116.3132414 40.0085092, 116.3132955 40.0085118, 116.3132929 40.008543, 116.3133527 40.0085684, 116.3133011 40.0090565))",,,yes,"[9953902574, 9953902575, 9953902576, 9953902577, 9953902578, 4503942609, 4503942603, 4503942604, 4503942607, 9953902579, 9953902574]",,,school,,,图书馆楼B,圖書館樓B,,no,,,5,,,,,,,,,,,,,,,,,,,,,,,,,,,,,,,,,,,,,,
way,1113711563,,建筑馆报告厅,,建筑馆报告厅,清华大学,,"POLYGON ((116.3276764 39.9986177, 116.3276889 39.9983618, 116.3280013 39.9983708, 116.3279888 39.9986267, 116.3276764 39.9986177))",,,yes,"[10188911952, 10188911951, 10188911950, 10188911949, 10188911952]",,,university,,,建筑馆报告厅,建築館報告廳,,no,,,,,,,,,,,,,,,,,,,,,,,,,,,,,,,,,,,,,,,,,
way,1113711571,,,,,,,"POLYGON ((116.3208222 40.0020583, 116.320636 40.0019944, 116.3206679 40.0019398, 116.3208541 40.0020036, 116.3208222 40.0020583))",,,,"[10188911991, 10188911990, 10188911989, 10188911988, 10188911991]",,,yes,,,,,,,,,,,,,,,,,,,,,,,,,,,,,,,,,,,,,,,,,,,,,,,
way,1113711577,,,,,清华大学,,"POLYGON ((116.3250075 40.0114213, 116.3253079 40.011435, 116.3253017 40.0115151, 116.3250013 40.0115013, 116.3250075 40.0114213))",,,yes,"[10188912028, 10188912027, 10188912026, 10188912025, 10188912028]",,,yes,,,,,,no,,,,,,,,,,,,,,,,,,,,,,,,,,,,,,,,,,,,,,,,,
way,1113711587,,,,,,,"POLYGON ((116.3198918 40.0104438, 116.3198429 40.0103847, 116.3199012 40.0103565, 116.3199501 40.0104155, 116.3198918 40.0104438))",,,,"[10188912085, 10188912084, 10188912083, 10188912082, 10188912085]",,,yes,,,,,,,,,,,,,,,,,,,,,,,,,,,,,,,,,,,,,,,,,,,,,,,
way,1113711597,,,,,清华大学,,"POLYGON ((116.3228077 40.0064071, 116.3222015 40.0063845, 116.3221968 40.0064583, 116.322803 40.0064809, 116.3228077 40.0064071))",,,yes,"[10188912127, 10188912126, 10188912125, 10188912124, 10188912127]",,,yes,,,,,,no,,,,,,,,,,,,,,,,,,,,,,,,,,,,,,,,,,,,,,,,,
way,1113711599,,,,,,,"POLYGON ((116.3240522 40.007233, 116.3240549 40.0071221, 116.323945 40.0071205, 116.3239423 40.0072314, 116.3240522 40.007233))",,,,"[10188912144, 10188912143, 10188912142, 10188912141, 10188912144]",,,office,,,,,,,,,,,,,,,,,,,,,,,,,,,,,,,,,,,,,,,,,,,,,,,
way,1115143047,,,,,,,"POLYGON ((116.3270917 40.0069122, 116.3267 40.0068964, 116.326691 40.0070279, 116.3270827 40.0070436, 116.3270917 40.0069122))",,,,"[10198891216, 10198891215, 10198891214, 10198891213, 10198891216]",,,yes,,,,,,,,,,,,,,,,,,,,,,,,,,,,,,,,,,,,,,,,,,,,,,,
way,1123293329,,小桥修车店,,,清华大学,,"POLYGON ((116.3187538 40.006596, 116.318759 40.0065451, 116.318859 40.0065511, 116.3188537 40.006602, 116.3187538 40.006596))",,,yes,"[10272854572, 10272854573, 10272854574, 10272854575, 10272854572]",,,yes,,,,,,no,,,,,,,,,,,,,,,,,,,,,,,,,,,,,,,,,,,,,,,,,
way,1128051495,,,,,,,"POLYGON ((116.3263135 39.9953186, 116.3263213 39.9951951, 116.326542 39.9952033, 116.3265384 39.9952612, 116.3263896 39.9952557, 116.3263854 39.9953213, 116.3263135 39.9953186))",,,,"[10313442832, 10313442833, 10313442834, 10313442835, 10313442836, 10313442837, 10313442832]",,,university,,,,,,,,,1,,,,,,,,,,,,,,,,,,,,,,,,,,,,,,,,,,,,,,
way,1128051496,,,,,,,"POLYGON ((116.3268891 39.9953331, 116.3268969 39.9952097, 116.3266761 39.9952015, 116.3266725 39.9952594, 116.3268213 39.9952649, 116.3268172 39.9953305, 116.3268891 39.9953331))",,,,"[10313442838, 10313442839, 10313442840, 10313442841, 10313442842, 10313442843, 10313442838]",,,university,,,,,,,,,1,,,,,,,,,,,,,,,,,,,,,,,,,,,,,,,,,,,,,,
way,1128216279,,北体育馆,,,,,"POLYGON ((116.3257911 40.0066429, 116.3258201 40.0060453, 116.3275945 40.0061148, 116.3275619 40.0067013, 116.3257911 40.0066429))",,,,"[10314631200, 10314631201, 10314631202, 10314631203, 10314631200]",,,stadium,,,,,,,,,,,,,,,,,,,,,,,,,,,,,,,,,,,,,,,,,,,,,,,
way,1150459878,,无障碍服务亭,,,,,"POLYGON ((116.3273344 40.0078637, 116.3273374 40.0078286, 116.3271635 40.007822, 116.3271595 40.0078576, 116.3273344 40.0078637))",,,,"[10702086215, 10702086216, 10702086217, 10702086218, 10702086215]",,,yes,,,,,,,,,,,,,,,,,,,,,,,,,,,,,,,,,,,,,,,,,,,,,,,
way,1150459899,,,,,,,"POLYGON ((116.3202553 40.0036502, 116.3202688 40.0035078, 116.3203899 40.0035154, 116.3203765 40.0036588, 116.3202553 40.0036502))",,,,"[10702086287, 10702086288, 10702086289, 10702086290, 10702086287]",,,yes,,,,,,,,,,,,,,,,,,,,,,,,,,,,,,,,,,,,,,,,,,,,,,,
way,1150459900,,,,,,,"POLYGON ((116.3200387 40.003641, 116.320044 40.0035755, 116.3202406 40.0035842, 116.320234 40.0036517, 116.3200387 40.003641))",,,,"[10702086291, 10702086292, 10702086293, 10702086294, 10702086291]",,,yes,,,,,,,,,,,,,,,,,,,,,,,,,,,,,,,,,,,,,,,,,,,,,,,
way,1150469990,,,,,,,"POLYGON ((116.3151511 39.9998507, 116.3151655 39.9997301, 116.3153899 39.9997518, 116.3153711 39.9998738, 116.3151511 39.9998507))",,,,"[10702142562, 10702142563, 10702142564, 10702142565, 10702142562]",,,yes,,,,,,,,,,,,,,,,,,,,,,,,,,,,,,,,,,,,,,,,,,,,,,,
way,1177716099,,,,,,,"POLYGON ((116.329591 40.0063429, 116.3295949 40.0062694, 116.3298772 40.0062784, 116.3298875 40.0060887, 116.3296083 40.0060798, 116.3296154 40.0059484, 116.3298824 40.0059568, 116.3298987 40.0056551, 116.3300306 40.0056593, 116.329993 40.0063557, 116.329591 40.0063429))",,,,"[10940881771, 10940881772, 10940881773, 10940881774, 10940881775, 10940881776, 10940881777, 10940881778, 10940881779, 10940881780, 10940881771]",,,yes,,,,,,,,,,,,,,,,,,,,,,,,,,,,,,,,,,,,,,,,,,,,,,,
way,1177716100,,,,,,,"POLYGON ((116.3293687 40.0062697, 116.3294026 40.0056933, 116.3295268 40.0056976, 116.329493 40.006274, 116.3293687 40.0062697))",,,,"[10940881781, 10940881782, 10940881783, 10940881784, 10940881781]",,,yes,,,,,,,,,,,,,,,,,,,,,,,,,,,,,,,,,,,,,,,,,,,,,,,
way,1177716101,,,,,,,"POLYGON ((116.3296018 40.0057939, 116.3296092 40.005666, 116.3294095 40.0056591, 116.329413 40.0055996, 116.329736 40.0056108, 116.3297249 40.0057981, 116.3296018 40.0057939))",,,,"[10940881785, 10940881786, 10940881787, 10940881788, 10940881789, 10940881790, 10940881785]",,,yes,,,,,,,,,,,,,,,,,,,,,,,,,,,,,,,,,,,,,,,,,,,,,,,
way,1177716102,,,,,,,"POLYGON ((116.3298734 40.0067539, 116.3298825 40.0064558, 116.3299645 40.0064573, 116.3299554 40.0067553, 116.3298734 40.0067539))",,,,"[10940881791, 10940881792, 10940881793, 10940881794, 10940881791]",,,yes,,,,,,,,,,,,,,,,,,,,,,,,,,,,,,,,,,,,,,,,,,,,,,,
way,1177716103,,,,,,,"POLYGON ((116.3300541 40.0064048, 116.3300586 40.0062383, 116.3303305 40.0062426, 116.3303287 40.00631, 116.3301452 40.0063071, 116.3301426 40.0064061, 116.3300541 40.0064048))",,,,"[10940881795, 10940881796, 10940881797, 10940881798, 10940881799, 10940881800, 10940881795]",,,yes,,,,,,,,,,,,,,,,,,,,,,,,,,,,,,,,,,,,,,,,,,,,,,,
way,1177716104,,,,,,,"POLYGON ((116.3292362 40.0076789, 116.329238 40.0074945, 116.329389 40.0074954, 116.3293871 40.0076798, 116.3292362 40.0076789))",,,,"[10940881801, 10940881802, 10940881803, 10940881804, 10940881801]",,,yes,,,,,,,,,,,,,,,,,,,,,,,,,,,,,,,,,,,,,,,,,,,,,,,
way,1177716105,,,,,,,"POLYGON ((116.3291324 40.0077729, 116.3291338 40.0076888, 116.3293894 40.0076913, 116.329388 40.0077754, 116.3291324 40.0077729))",,,,"[10940884105, 10940884106, 10940884107, 10940884108, 10940884105]",,,yes,,,,,,,,,,,,,,,,,,,,,,,,,,,,,,,,,,,,,,,,,,,,,,,
way,1177716106,,,,,,,"POLYGON ((116.3279731 40.0078105, 116.3279742 40.0077262, 116.3281716 40.0077276, 116.3281706 40.007812, 116.3279731 40.0078105))",,,,"[10940884109, 10940884110, 10940884111, 10940884112, 10940884109]",,,yes,,,,,,,,,,,,,,,,,,,,,,,,,,,,,,,,,,,,,,,,,,,,,,,
way,1177716107,,,,,,,"POLYGON ((116.3296456 40.0074496, 116.3296613 40.0070447, 116.3300141 40.0070512, 116.3297623 40.0074606, 116.3296456 40.0074496))",,,,"[10940884117, 10940884118, 10940884119, 10940884120, 10940884117]",,,yes,,,,,,,,,,,,,,,,,,,,,,,,,,,,,,,,,,,,,,,,,,,,,,,
way,1177716108,,,,,,,"POLYGON ((116.3287005 40.0058361, 116.3287099 40.0056687, 116.3292455 40.0056864, 116.3292361 40.0058537, 116.3287005 40.0058361))",,,,"[10940884121, 10940884122, 10940884123, 10940884124, 10940884121]",,,yes,,,,,,,,,,,,,,,,,,,,,,,,,,,,,,,,,,,,,,,,,,,,,,,
way,1177717915,,,,,,,"POLYGON ((116.3196039 40.0064429, 116.319609 40.0063679, 116.3198757 40.0063786, 116.3198706 40.0064536, 116.3196039 40.0064429))",,,,"[10940896119, 10940896120, 10940896121, 10940896122, 10940896119]",,,yes,,,,,,,,,,,,,,,,,,,,,,,,,,,,,,,,,,,,,,,,,,,,,,,
way,1178099039,,新土木馆,,,,,"POLYGON ((116.3233014 40.0032675, 116.3233063 40.0031804, 116.3231786 40.0031762, 116.3232172 40.0024808, 116.3231593 40.0024789, 116.3231747 40.0022003, 116.3238149 40.0022211, 116.323756 40.0032823, 116.3233014 40.0032675))",,,,"[10944084736, 10944084735, 10944084734, 10944084733, 10944084732, 10944084731, 10944084730, 10944084729, 10944084736]",,,college,,,,,,,,,,,,,,,,,,,,,,,,,,,,,,,,,,,,,,,,,,,,,,,
way,1178227002,,,,,,,"POLYGON ((116.3170713 39.998758, 116.3170802 39.9986441, 116.3172453 39.9986517, 116.3172364 39.9987656, 116.3170713 39.998758))",,,,"[10945321358, 10945321357, 10945321356, 10945321355, 10945321358]",,,yes,,,,,,,,,,,,,,,,,,,,,,,,,,,,,,,,,,,,,,,,,,,,,,,
way,1178227010,,,,,,,"POLYGON ((116.3135353 39.9969434, 116.3136695 39.9969523, 116.3137177 39.9965263, 116.3135834 39.9965174, 116.3135353 39.9969434))",,,,"[10945321402, 10945321401, 10945321400, 10945321399, 10945321402]",,,yes,,,,,,,,,,,,,,,,,,,,,,,,,,,,,,,,,,,,,,,,,,,,,,,
way,1178227011,,,,,,,"POLYGON ((116.3133502 39.9969003, 116.3135056 39.9969106, 116.3135272 39.9967194, 116.3133718 39.9967091, 116.3133502 39.9969003))",,,,"[10945332506, 10945332505, 10945321404, 10945321403, 10945332506]",,,yes,,,,,,,,,,,,,,,,,,,,,,,,,,,,,,,,,,,,,,,,,,,,,,,
way,1178530410,,,,,,,"POLYGON ((116.3146951 40.0040533, 116.314697 40.0039747, 116.3148813 40.0039774, 116.3148794 40.004056, 116.3146951 40.0040533))",,,,"[10948596770, 10948596769, 10948596768, 10948596767, 10948596770]",,,yes,,,,,,,,,,,,,,,,,,,,,,,,,,,,,,,,,,,,,,,,,,,,,,,
way,1190946803,,,,,,,"POLYGON ((116.3292318 40.0018768, 116.3292397 40.0016796, 116.3295381 40.0016866, 116.3295355 40.0017541, 116.3294738 40.0017526, 116.3294686 40.0018823, 116.3292318 40.0018768))",,,,"[11057875693, 11057875694, 11057875695, 11057875696, 11057875697, 11057875698, 11057875693]",,,yes,,,,,,,,,,,,,,,,,,,,,,,,,,,,,,,,,,,,,,,,,,,,,,,
way,1196722208,,,,,,,"POLYGON ((116.3208743 40.0002873, 116.3208815 40.0001954, 116.3211379 40.0002119, 116.3211456 40.0003053, 116.3208743 40.0002873))",,,,"[11104295276, 11104295277, 11104295278, 11104295279, 11104295276]",,,yes,,,,,,,,,,,,,,,,,,,,,,,,,,,,,,,,,,,,,,,,,,,,,,,
way,1211983171,,自强科技楼,,,,,"POLYGON ((116.3282743 40.0035189, 116.3282879 40.0032918, 116.3289627 40.0033156, 116.3290029 40.0026447, 116.3283143 40.0026205, 116.3283279 40.0023936, 116.329075 40.0024199, 116.3290709 40.002488, 116.3296476 40.0025084, 116.3295881 40.0034957, 116.3290254 40.0034758, 116.3290212 40.0035452, 116.3282743 40.0035189))",,,,"[11228383720, 11228383721, 11228383722, 11228383723, 11228383724, 11228383725, 11228383726, 11228383727, 11228383728, 11228383729, 11228383730, 11228383731, 11228383720]",,,yes,,,,,,,,,,,,,,,,,,,,,,,,,,,,,,,,,,,,,,,,,,,research,,,,
relation,10327870,,李兆基科技大楼,Lee Shau Kee Science and Technology Building,李兆基科技大楼,清华大学,,"POLYGON ((116.3244678 39.9959953, 116.3245031 39.9952095, 116.3244225 39.9952074, 116.3233835 39.99518, 116.3228916 39.995167, 116.3228884 39.9952384, 116.3227833 39.9952356, 116.3227754 39.9954106, 116.3229642 39.9954156, 116.3229481 39.9957732, 116.3227652 39.9957684, 116.322757 39.9959502, 116.3244678 39.9959953), (116.3233248 39.9954196, 116.32337 39.9954207, 116.3233691 39.9954412, 116.3240957 39.9954589, 116.3240815 39.9958004, 116.3233097 39.9957816, 116.3233248 39.9954196))",,,yes,"[[[4481648165, 4481648166, 4481648164, 7003969313, 7003969312, 7003969300, 7003969301, 4481648163, 7003969303, 7003969304, 7003969305, 7003969302, 4481648165], [7003969306, 7003969307, 7003969308, 7003969309, 7003969310, 7003969311, 7003969306]]]",,,yes,,,李兆基科技大楼,李兆基科技大樓,,no,,,,,,,,,,,,,,,,,,,,,,,,,,,,,,,,,,,,,,"[451338304, 748952233]",multipolygon,,
relation,15536989,,Future Internet Technology (FIT),Future Internet Technology (FIT),FIT楼,清华大学,,"POLYGON ((116.3261624 39.9954402, 116.3260743 39.9954377, 116.3260776 39.9953709, 116.3259723 39.9953679, 116.3259757 39.9952978, 116.3258832 39.9952952, 116.3258876 39.9952054, 116.3250251 39.995181, 116.3250201 39.9952855, 116.324931 39.9952829, 116.3249218 39.995473, 116.3248213 39.9954701, 116.3248078 39.9957503, 116.3249103 39.9957532, 116.3248992 39.9959822, 116.3261346 39.9960172, 116.3261624 39.9954402), (116.3251451 39.9954814, 116.3259978 39.9955049, 116.3259833 39.9958133, 116.3251306 39.9957899, 116.3251451 39.9954814))",,,yes,"[[[7784238158, 380747019, 9740597615, 9740597616, 9740697217, 9740697218, 9740697219, 380747021, 983942260, 983942256, 380747022, 946565908, 946565909, 946565910, 946565911, 983942277, 7784238158], [10695605928, 10695605929, 10695605930, 10695605931, 10695605928]]]",,,yes,,,FIT楼,FIT樓,,no,,双清路,6,北京市海淀区,,,,,,,,,,FIT楼,,,,,,,,,,,,,100084,,,,,,,,,,research,"[33457978, 1149737645]",multipolygon,北京市,yes
relation,15774593,,苏世民书院,Schwarzman College,苏世民书院,,,"POLYGON ((116.324011 40.00621, 116.3240188 40.006092, 116.3230514 40.0060546, 116.32302 40.0065303, 116.3239874 40.0065677, 116.323996 40.006438, 116.3237108 40.006427, 116.3237258 40.006199, 116.324011 40.00621), (116.3235363 40.0064202, 116.3232128 40.0064077, 116.3232279 40.0061797, 116.3235513 40.0061922, 116.3235363 40.0064202))",,,yes,"[[[10845948921, 10845948919, 10845948923, 10845948924, 10845948921], [10845948922, 10845948926, 963059576, 4481447335, 963059583, 963059578, 10845948925, 10845948920, 10845948922]]]",,,yes,,,,,,no,,,,,,,,,,,,,,,,,,,,,,,,,,,,,,,,,Q30947320,en:Schwarzman College,,,,"[1166096252, 82714734]",multipolygon,,
